[1.2     0.7     0.03275]
[ 1.20000000e+00 -7.34788079e-17  0.00000000e+00]
[7.53852454e-15 1.23113449e+02 0.00000000e+00]

[1.206   0.7     0.03275]
[ 1.19019000e+00 -7.28781187e-17  0.00000000e+00]
[ 7.49267040e-15  1.22364594e+02 -1.64748092e-01]

[1.21195095 0.7        0.03275   ]
[ 1.18038000e+00 -7.22774294e-17  0.00000000e+00]
[ 7.44681626e-15  1.21615739e+02 -3.29496183e-01]

[1.21785285 0.7        0.03275   ]
[ 1.17057000e+00 -7.16767402e-17  0.00000000e+00]
[ 7.40096211e-15  1.20866884e+02 -4.94244275e-01]

[1.2237057 0.7       0.03275  ]
[ 1.16076000e+00 -7.10760509e-17  0.00000000e+00]
[ 7.35510797e-15  1.20118029e+02 -6.58992366e-01]

[1.2295095 0.7       0.03275  ]
[ 1.15095000e+00 -7.04753617e-17  0.00000000e+00]
[ 7.30925383e-15  1.19369174e+02 -8.23740458e-01]

[1.23526425 0.7        0.03275   ]
[ 1.14114000e+00 -6.98746724e-17  0.00000000e+00]
[ 7.26339969e-15  1.18620319e+02 -9.88488550e-01]

[1.24096995 0.7        0.03275   ]
[ 1.13133000e+00 -6.92739832e-17  0.00000000e+00]
[ 7.21754555e-15  1.17871464e+02 -1.15323664e+00]

[1.2466266 0.7       0.03275  ]
[ 1.12152000e+00 -6.86732939e-17  0.00000000e+00]
[ 7.17169141e-15  1.17122609e+02 -1.31798473e+00]

[1.2522342 0.7       0.03275  ]
[ 1.11171000e+00 -6.80726047e-17  0.00000000e+00]
[ 7.12583726e-15  1.16373754e+02 -1.48273282e+00]

[1.25779275 0.7        0.03275   ]
[ 1.10190000e+00 -6.74719154e-17  0.00000000e+00]
[ 7.07998312e-15  1.15624899e+02 -1.64748092e+00]

[1.26330225 0.7        0.03275   ]
[ 1.09209000e+00 -6.68712261e-17  0.00000000e+00]
[ 7.03412898e-15  1.14876044e+02 -1.81222901e+00]

[1.2687627 0.7       0.03275  ]
[ 1.08228000e+00 -6.62705369e-17  0.00000000e+00]
[ 6.98827484e-15  1.14127189e+02 -1.97697710e+00]

[1.2741741 0.7       0.03275  ]
[ 1.07247000e+00 -6.56698476e-17  0.00000000e+00]
[ 6.94242070e-15  1.13378334e+02 -2.14172519e+00]

[1.27953645 0.7        0.03275   ]
[ 1.06266000e+00 -6.50691584e-17  0.00000000e+00]
[ 6.89656656e-15  1.12629479e+02 -2.30647328e+00]

[1.28484975 0.7        0.03275   ]
[ 1.05285000e+00 -6.44684691e-17  0.00000000e+00]
[ 6.85071241e-15  1.11880624e+02 -2.47122137e+00]

[1.290114 0.7      0.03275 ]
[ 1.04304000e+00 -6.38677799e-17  0.00000000e+00]
[ 6.80485827e-15  1.11131769e+02 -2.63596947e+00]

[1.2953292 0.7       0.03275  ]
[ 1.03323000e+00 -6.32670906e-17  0.00000000e+00]
[ 6.75900413e-15  1.10382914e+02 -2.80071756e+00]

[1.30049535 0.7        0.03275   ]
[ 1.02342000e+00 -6.26664014e-17  0.00000000e+00]
[ 6.71314999e-15  1.09634059e+02 -2.96546565e+00]

[1.30561245 0.7        0.03275   ]
[ 1.01361000e+00 -6.20657121e-17  0.00000000e+00]
[ 6.66729585e-15  1.08885204e+02 -3.13021374e+00]

[1.3106805 0.7       0.03275  ]
[ 1.00380000e+00 -6.14650228e-17  0.00000000e+00]
[ 6.62144171e-15  1.08136349e+02 -3.29496183e+00]

[1.3156995 0.7       0.03275  ]
[ 9.93990000e-01 -6.08643336e-17  0.00000000e+00]
[ 6.57558756e-15  1.07387494e+02 -3.45970992e+00]

[1.32066945 0.7        0.03275   ]
[ 9.84180000e-01 -6.02636443e-17  0.00000000e+00]
[ 6.52973342e-15  1.06638639e+02 -3.62445802e+00]

[1.32559035 0.7        0.03275   ]
[ 9.74370000e-01 -5.96629551e-17  0.00000000e+00]
[ 6.48387928e-15  1.05889784e+02 -3.78920611e+00]

[1.3304622 0.7       0.03275  ]
[ 9.64560000e-01 -5.90622658e-17  0.00000000e+00]
[ 6.43802514e-15  1.05140930e+02 -3.95395420e+00]

[1.335285 0.7      0.03275 ]
[ 9.54750000e-01 -5.84615766e-17  0.00000000e+00]
[ 6.39217100e-15  1.04392075e+02 -4.11870229e+00]

[1.34005875 0.7        0.03275   ]
[ 9.44940000e-01 -5.78608873e-17  0.00000000e+00]
[ 6.34631686e-15  1.03643220e+02 -4.28345038e+00]

[1.34478345 0.7        0.03275   ]
[ 9.35130000e-01 -5.72601981e-17  0.00000000e+00]
[ 6.30046272e-15  1.02894365e+02 -4.44819847e+00]

[1.3494591 0.7       0.03275  ]
[ 9.25320000e-01 -5.66595088e-17  0.00000000e+00]
[ 6.25460857e-15  1.02145510e+02 -4.61294656e+00]

[1.3540857 0.7       0.03275  ]
[ 9.15510000e-01 -5.60588196e-17  0.00000000e+00]
[ 6.20875443e-15  1.01396655e+02 -4.77769466e+00]

[1.35866325 0.7        0.03275   ]
[ 9.05700000e-01 -5.54581303e-17  0.00000000e+00]
[ 6.16290029e-15  1.00647800e+02 -4.94244275e+00]

[1.36319175 0.7        0.03275   ]
[ 8.9589000e-01 -5.4857441e-17  0.0000000e+00]
[ 6.11704615e-15  9.98989448e+01 -5.10719084e+00]

[1.3676712 0.7       0.03275  ]
[ 8.86080000e-01 -5.42567518e-17  0.00000000e+00]
[ 6.07119201e-15  9.91500898e+01 -5.27193893e+00]

[1.3721016 0.7       0.03275  ]
[ 8.76270000e-01 -5.36560625e-17  0.00000000e+00]
[ 6.02533787e-15  9.84012349e+01 -5.43668702e+00]

[1.37648295 0.7        0.03275   ]
[ 8.66460000e-01 -5.30553733e-17  0.00000000e+00]
[ 5.97948372e-15  9.76523799e+01 -5.60143511e+00]

[1.38081525 0.7        0.03275   ]
[ 8.5665000e-01 -5.2454684e-17  0.0000000e+00]
[ 5.93362958e-15  9.69035249e+01 -5.76618321e+00]

[1.3850985 0.7       0.03275  ]
[ 8.46840000e-01 -5.18539948e-17  0.00000000e+00]
[ 5.88777544e-15  9.61546700e+01 -5.93093130e+00]

[1.3893327 0.7       0.03275  ]
[ 8.37030000e-01 -5.12533055e-17  0.00000000e+00]
[ 5.84192130e-15  9.54058150e+01 -6.09567939e+00]

[1.39351785 0.7        0.03275   ]
[ 8.27220000e-01 -5.06526163e-17  0.00000000e+00]
[ 5.79606716e-15  9.46569601e+01 -6.26042748e+00]

[1.39765395 0.7        0.03275   ]
[ 8.1741000e-01 -5.0051927e-17  0.0000000e+00]
[ 5.75021302e-15  9.39081051e+01 -6.42517557e+00]

[1.401741 0.7      0.03275 ]
[ 8.07600000e-01 -4.94512377e-17  0.00000000e+00]
[ 5.70435887e-15  9.31592501e+01 -6.58992366e+00]

[1.405779 0.7      0.03275 ]
[ 7.97790000e-01 -4.88505485e-17  0.00000000e+00]
[ 5.65850473e-15  9.24103952e+01 -6.75467176e+00]

[1.40976795 0.7        0.03275   ]
[ 7.87980000e-01 -4.82498592e-17  0.00000000e+00]
[ 5.61265059e-15  9.16615402e+01 -6.91941985e+00]

[1.41370785 0.7        0.03275   ]
[ 7.781700e-01 -4.764917e-17  0.000000e+00]
[ 5.56679645e-15  9.09126852e+01 -7.08416794e+00]

[1.4175987 0.7       0.03275  ]
[ 7.68360000e-01 -4.70484807e-17  0.00000000e+00]
[ 5.52094231e-15  9.01638303e+01 -7.24891603e+00]

[1.4214405 0.7       0.03275  ]
[ 7.58550000e-01 -4.64477915e-17  0.00000000e+00]
[ 5.47508817e-15  8.94149753e+01 -7.41366412e+00]

[1.42523325 0.7        0.03275   ]
[ 7.48740000e-01 -4.58471022e-17  0.00000000e+00]
[ 5.42923402e-15  8.86661204e+01 -7.57841221e+00]

[1.42897695 0.7        0.03275   ]
[ 7.3893000e-01 -4.5246413e-17  0.0000000e+00]
[ 5.38337988e-15  8.79172654e+01 -7.74316031e+00]

[1.4326716 0.7       0.03275  ]
[ 7.29120000e-01 -4.46457237e-17  0.00000000e+00]
[ 5.33752574e-15  8.71684104e+01 -7.90790840e+00]

[1.4363172 0.7       0.03275  ]
[ 7.19310000e-01 -4.40450345e-17  0.00000000e+00]
[ 5.29167160e-15  8.64195555e+01 -8.07265649e+00]

[1.43991375 0.7        0.03275   ]
[ 7.09500000e-01 -4.34443452e-17  0.00000000e+00]
[ 5.24581746e-15  8.56707005e+01 -8.23740458e+00]

[1.44346125 0.7        0.03275   ]
[ 6.99690000e-01 -4.28436559e-17  0.00000000e+00]
[ 5.19996332e-15  8.49218456e+01 -8.40215267e+00]

[1.4469597 0.7       0.03275  ]
[ 6.89880000e-01 -4.22429667e-17  0.00000000e+00]
[ 5.15410918e-15  8.41729906e+01 -8.56690076e+00]

[1.4504091 0.7       0.03275  ]
[ 6.80070000e-01 -4.16422774e-17  0.00000000e+00]
[ 5.10825503e-15  8.34241356e+01 -8.73164885e+00]

[1.45380945 0.7        0.03275   ]
[ 6.70260000e-01 -4.10415882e-17  0.00000000e+00]
[ 5.06240089e-15  8.26752807e+01 -8.89639695e+00]

[1.45716075 0.7        0.03275   ]
[ 6.60450000e-01 -4.04408989e-17  0.00000000e+00]
[ 5.01654675e-15  8.19264257e+01 -9.06114504e+00]

[1.460463 0.7      0.03275 ]
[ 6.50640000e-01 -3.98402097e-17  0.00000000e+00]
[ 4.97069261e-15  8.11775707e+01 -9.22589313e+00]

[1.4637162 0.7       0.03275  ]
[ 6.40830000e-01 -3.92395204e-17  0.00000000e+00]
[ 4.92483847e-15  8.04287158e+01 -9.39064122e+00]

[1.46692035 0.7        0.03275   ]
[ 6.31020000e-01 -3.86388312e-17  0.00000000e+00]
[ 4.87898433e-15  7.96798608e+01 -9.55538931e+00]

[1.47007545 0.7        0.03275   ]
[ 6.21210000e-01 -3.80381419e-17  0.00000000e+00]
[ 4.83313018e-15  7.89310059e+01 -9.72013740e+00]

[1.4731815 0.7       0.03275  ]
[ 6.11400000e-01 -3.74374526e-17  0.00000000e+00]
[ 4.78727604e-15  7.81821509e+01 -9.88488550e+00]

[1.4762385 0.7       0.03275  ]
[ 6.01590000e-01 -3.68367634e-17  0.00000000e+00]
[ 4.74142190e-15  7.74332959e+01 -1.00496336e+01]

[1.47924645 0.7        0.03275   ]
[ 5.91780000e-01 -3.62360741e-17  0.00000000e+00]
[ 4.69556776e-15  7.66844410e+01 -1.02143817e+01]

[1.48220535 0.7        0.03275   ]
[ 5.81970000e-01 -3.56353849e-17  0.00000000e+00]
[ 4.64971362e-15  7.59355860e+01 -1.03791298e+01]

[1.4851152 0.7       0.03275  ]
[ 5.72160000e-01 -3.50346956e-17  0.00000000e+00]
[ 4.60385948e-15  7.51867310e+01 -1.05438779e+01]

[1.487976 0.7      0.03275 ]
[ 5.62350000e-01 -3.44340064e-17  0.00000000e+00]
[ 4.55800533e-15  7.44378761e+01 -1.07086260e+01]

[1.49078775 0.7        0.03275   ]
[ 5.52540000e-01 -3.38333171e-17  0.00000000e+00]
[ 4.51215119e-15  7.36890211e+01 -1.08733740e+01]

[1.49355045 0.7        0.03275   ]
[ 5.42730000e-01 -3.32326279e-17  0.00000000e+00]
[ 4.46629705e-15  7.29401662e+01 -1.10381221e+01]

[1.4962641 0.7       0.03275  ]
[ 5.32920000e-01 -3.26319386e-17  0.00000000e+00]
[ 4.42044291e-15  7.21913112e+01 -1.12028702e+01]

[1.4989287 0.7       0.03275  ]
[ 5.23110000e-01 -3.20312494e-17  0.00000000e+00]
[ 4.37458877e-15  7.14424562e+01 -1.13676183e+01]

[1.50154425 0.7        0.03275   ]
[ 5.13300000e-01 -3.14305601e-17  0.00000000e+00]
[ 4.32873463e-15  7.06936013e+01 -1.15323664e+01]

[1.50411075 0.7        0.03275   ]
[ 5.03490000e-01 -3.08298708e-17  0.00000000e+00]
[ 4.28288048e-15  6.99447463e+01 -1.16971145e+01]

[1.5066282 0.7       0.03275  ]
[ 4.93680000e-01 -3.02291816e-17  0.00000000e+00]
[ 4.23702634e-15  6.91958914e+01 -1.18618626e+01]

[1.5090966 0.7       0.03275  ]
[ 4.83870000e-01 -2.96284923e-17  0.00000000e+00]
[ 4.19117220e-15  6.84470364e+01 -1.20266107e+01]

[1.51151595 0.7        0.03275   ]
[ 4.74060000e-01 -2.90278031e-17  0.00000000e+00]
[ 4.14531806e-15  6.76981814e+01 -1.21913588e+01]

[1.51388625 0.7        0.03275   ]
[ 4.64250000e-01 -2.84271138e-17  0.00000000e+00]
[ 4.09946392e-15  6.69493265e+01 -1.23561069e+01]

[1.5162075 0.7       0.03275  ]
[ 4.54440000e-01 -2.78264246e-17  0.00000000e+00]
[ 4.05360978e-15  6.62004715e+01 -1.25208550e+01]

[1.5184797 0.7       0.03275  ]
[ 4.44630000e-01 -2.72257353e-17  0.00000000e+00]
[ 4.00775564e-15  6.54516165e+01 -1.26856031e+01]

[1.52070285 0.7        0.03275   ]
[ 4.34820000e-01 -2.66250461e-17  0.00000000e+00]
[ 3.96190149e-15  6.47027616e+01 -1.28503511e+01]

[1.52287695 0.7        0.03275   ]
[ 4.25010000e-01 -2.60243568e-17  0.00000000e+00]
[ 3.91604735e-15  6.39539066e+01 -1.30150992e+01]

[1.525002 0.7      0.03275 ]
[ 4.15200000e-01 -2.54236676e-17  0.00000000e+00]
[ 3.87019321e-15  6.32050517e+01 -1.31798473e+01]

[1.527078 0.7      0.03275 ]
[ 4.05390000e-01 -2.48229783e-17  0.00000000e+00]
[ 3.82433907e-15  6.24561967e+01 -1.33445954e+01]

[1.52910495 0.7        0.03275   ]
[ 3.9558000e-01 -2.4222289e-17  0.0000000e+00]
[ 3.77848493e-15  6.17073417e+01 -1.35093435e+01]

[1.53108285 0.7        0.03275   ]
[ 3.85770000e-01 -2.36215998e-17  0.00000000e+00]
[ 3.73263079e-15  6.09584868e+01 -1.36740916e+01]

[1.5330117 0.7       0.03275  ]
[ 3.75960000e-01 -2.30209105e-17  0.00000000e+00]
[ 3.68677664e-15  6.02096318e+01 -1.38388397e+01]

[1.5348915 0.7       0.03275  ]
[ 3.66150000e-01 -2.24202213e-17  0.00000000e+00]
[ 3.64092250e-15  5.94607769e+01 -1.40035878e+01]

[1.53672225 0.7        0.03275   ]
[ 3.5634000e-01 -2.1819532e-17  0.0000000e+00]
[ 3.59506836e-15  5.87119219e+01 -1.41683359e+01]

[1.53850395 0.7        0.03275   ]
[ 3.46530000e-01 -2.12188428e-17  0.00000000e+00]
[ 3.54921422e-15  5.79630669e+01 -1.43330840e+01]

[1.5402366 0.7       0.03275  ]
[ 3.36720000e-01 -2.06181535e-17  0.00000000e+00]
[ 3.50336008e-15  5.72142120e+01 -1.44978321e+01]

[1.5419202 0.7       0.03275  ]
[ 3.26910000e-01 -2.00174643e-17  0.00000000e+00]
[ 3.45750594e-15  5.64653570e+01 -1.46625802e+01]

[1.54355475 0.7        0.03275   ]
[ 3.1710000e-01 -1.9416775e-17  0.0000000e+00]
[ 3.41165179e-15  5.57165020e+01 -1.48273282e+01]

[1.54514025 0.7        0.03275   ]
[ 3.07290000e-01 -1.88160857e-17  0.00000000e+00]
[ 3.36579765e-15  5.49676471e+01 -1.49920763e+01]

[1.5466767 0.7       0.03275  ]
[ 2.97480000e-01 -1.82153965e-17  0.00000000e+00]
[ 3.31994351e-15  5.42187921e+01 -1.51568244e+01]

[1.5481641 0.7       0.03275  ]
[ 2.87670000e-01 -1.76147072e-17  0.00000000e+00]
[ 3.27408937e-15  5.34699372e+01 -1.53215725e+01]

[1.54960245 0.7        0.03275   ]
[ 2.7786000e-01 -1.7014018e-17  0.0000000e+00]
[ 3.22823523e-15  5.27210822e+01 -1.54863206e+01]

[1.55099175 0.7        0.03275   ]
[ 2.68050000e-01 -1.64133287e-17  0.00000000e+00]
[ 3.18238109e-15  5.19722272e+01 -1.56510687e+01]

[1.552332 0.7      0.03275 ]
[ 2.58240000e-01 -1.58126395e-17  0.00000000e+00]
[ 3.13652694e-15  5.12233723e+01 -1.58158168e+01]

[1.5536232 0.7       0.03275  ]
[ 2.48430000e-01 -1.52119502e-17  0.00000000e+00]
[ 3.09067280e-15  5.04745173e+01 -1.59805649e+01]

[1.55486535 0.7        0.03275   ]
[ 2.3862000e-01 -1.4611261e-17  0.0000000e+00]
[ 3.04481866e-15  4.97256623e+01 -1.61453130e+01]

[1.55605845 0.7        0.03275   ]
[ 2.28810000e-01 -1.40105717e-17  0.00000000e+00]
[ 2.99896452e-15  4.89768074e+01 -1.63100611e+01]

[1.5572025 0.7       0.03275  ]
[ 2.19000000e-01 -1.34098825e-17  0.00000000e+00]
[ 2.95311038e-15  4.82279524e+01 -1.64748092e+01]

[1.5582975 0.7       0.03275  ]
[ 2.09190000e-01 -1.28091932e-17  0.00000000e+00]
[ 2.90725624e-15  4.74790975e+01 -1.66395573e+01]

[1.55934345 0.7        0.03275   ]
[ 1.99380000e-01 -1.22085039e-17  0.00000000e+00]
[ 2.86140209e-15  4.67302425e+01 -1.68043053e+01]

[1.56034035 0.7        0.03275   ]
[ 1.89570000e-01 -1.16078147e-17  0.00000000e+00]
[ 2.81554795e-15  4.59813875e+01 -1.69690534e+01]

[1.5612882 0.7       0.03275  ]
[ 1.79760000e-01 -1.10071254e-17  0.00000000e+00]
[ 2.76969381e-15  4.52325326e+01 -1.71338015e+01]

[1.562187 0.7      0.03275 ]
[ 1.69950000e-01 -1.04064362e-17  0.00000000e+00]
[ 2.72383967e-15  4.44836776e+01 -1.72985496e+01]

[1.56303675 0.7        0.03275   ]
[ 1.60140000e-01 -9.80574692e-18  0.00000000e+00]
[ 2.67798553e-15  4.37348227e+01 -1.74632977e+01]

[1.56383745 0.7        0.03275   ]
[ 1.50330000e-01 -9.20505767e-18  0.00000000e+00]
[ 2.63213139e-15  4.29859677e+01 -1.76280458e+01]

[1.5645891 0.7       0.03275  ]
[ 1.40520000e-01 -8.60436841e-18  0.00000000e+00]
[ 2.58627725e-15  4.22371127e+01 -1.77927939e+01]

[1.5652917 0.7       0.03275  ]
[ 1.30710000e-01 -8.00367916e-18  0.00000000e+00]
[ 2.54042310e-15  4.14882578e+01 -1.79575420e+01]

[1.56594525 0.7        0.03275   ]
[ 1.2090000e-01 -7.4029899e-18  0.0000000e+00]
[ 2.49456896e-15  4.07394028e+01 -1.81222901e+01]

[1.56654975 0.7        0.03275   ]
[ 1.11090000e-01 -6.80230065e-18  0.00000000e+00]
[ 2.44871482e-15  3.99905478e+01 -1.82870382e+01]

[1.5671052 0.7       0.03275  ]
[ 1.01280000e-01 -6.20161139e-18  0.00000000e+00]
[ 2.40286068e-15  3.92416929e+01 -1.84517863e+01]

[1.5676116 0.7       0.03275  ]
[ 9.14700000e-02 -5.60092214e-18  0.00000000e+00]
[ 2.35700654e-15  3.84928379e+01 -1.86165344e+01]

[1.56806895 0.7        0.03275   ]
[ 8.16600000e-02 -5.00023288e-18  0.00000000e+00]
[ 2.31115240e-15  3.77439830e+01 -1.87812824e+01]

[1.56847725 0.7        0.03275   ]
[ 7.18500000e-02 -4.39954363e-18  0.00000000e+00]
[ 2.26529825e-15  3.69951280e+01 -1.89460305e+01]

[1.5688365 0.7       0.03275  ]
[ 6.20400000e-02 -3.79885437e-18  0.00000000e+00]
[ 2.21944411e-15  3.62462730e+01 -1.91107786e+01]

[1.5691467 0.7       0.03275  ]
[ 5.22300000e-02 -3.19816512e-18  0.00000000e+00]
[ 2.17358997e-15  3.54974181e+01 -1.92755267e+01]

[1.56940785 0.7        0.03275   ]
[ 4.24200000e-02 -2.59747586e-18  0.00000000e+00]
[ 2.12773583e-15  3.47485631e+01 -1.94402748e+01]

[1.56961995 0.7        0.03275   ]
[ 3.26100000e-02 -1.99678661e-18  0.00000000e+00]
[ 2.08188169e-15  3.39997081e+01 -1.96050229e+01]

[1.569783 0.7      0.03275 ]
[ 2.28000000e-02 -1.39609735e-18  0.00000000e+00]
[ 2.03602755e-15  3.32508532e+01 -1.97697710e+01]

[1.569897 0.7      0.03275 ]
[ 1.29900000e-02 -7.95408096e-19  0.00000000e+00]
[ 1.99017340e-15  3.25019982e+01 -1.99345191e+01]

[1.56996195 0.7        0.03275   ]
[ 3.18000000e-03 -1.94718841e-19  0.00000000e+00]
[ 1.94431926e-15  3.17531433e+01 -2.00992672e+01]

[1.56997785 0.7        0.03275   ]
[-6.63000000e-03  4.05970414e-19  0.00000000e+00]
[ 1.89846512e-15  3.10042883e+01 -2.02640153e+01]

[1.5699447 0.7       0.03275  ]
[ 3.18000000e-03 -1.94718841e-19  0.00000000e+00]
[ 1.94431926e-15  3.17531433e+01 -2.04287634e+01]

[1.5699606 0.7       0.03275  ]
[-6.63000000e-03  4.05970414e-19  0.00000000e+00]
[ 1.89846512e-15  3.10042883e+01 -2.05935115e+01]

[1.56992745 0.7        0.03275   ]
[ 3.18000000e-03 -1.94718841e-19  0.00000000e+00]
[ 1.94431926e-15  3.17531433e+01 -2.07582595e+01]

[1.56994335 0.7        0.03275   ]
[-6.63000000e-03  4.05970414e-19  0.00000000e+00]
[ 1.89846512e-15  3.10042883e+01 -2.09230076e+01]

[1.5699102 0.7       0.03275  ]
[ 3.18000000e-03 -1.94718841e-19  0.00000000e+00]
[ 1.94431926e-15  3.17531433e+01 -2.10877557e+01]

[1.5699261 0.7       0.03275  ]
[-6.63000000e-03  4.05970414e-19  0.00000000e+00]
[ 1.89846512e-15  3.10042883e+01 -2.12525038e+01]

[1.56989295 0.7        0.03275   ]
[ 3.18000000e-03 -1.94718841e-19  0.00000000e+00]
[ 1.94431926e-15  3.17531433e+01 -2.14172519e+01]

[1.56990885 0.7        0.03275   ]
[-6.63000000e-03  4.05970414e-19  0.00000000e+00]
[ 1.89846512e-15  3.10042883e+01 -2.15820000e+01]

[1.5698757 0.7       0.03275  ]
[ 3.18000000e-03 -1.94718841e-19  0.00000000e+00]
[ 1.94431926e-15  3.17531433e+01 -2.17467481e+01]

[1.5698916 0.7       0.03275  ]
[-6.63000000e-03  4.05970414e-19  0.00000000e+00]
[ 1.89846512e-15  3.10042883e+01 -2.19114962e+01]

[1.56985845 0.7        0.03275   ]
[ 3.18000000e-03 -1.94718841e-19  0.00000000e+00]
[ 1.94431926e-15  3.17531433e+01 -2.20762443e+01]

[1.56987435 0.7        0.03275   ]
[-6.63000000e-03  4.05970414e-19  0.00000000e+00]
[ 1.89846512e-15  3.10042883e+01 -2.22409924e+01]

[1.5698412 0.7       0.03275  ]
[ 3.18000000e-03 -1.94718841e-19  0.00000000e+00]
[ 1.94431926e-15  3.17531433e+01 -2.24057405e+01]

[1.5698571 0.7       0.03275  ]
[-6.63000000e-03  4.05970414e-19  0.00000000e+00]
[ 1.89846512e-15  3.10042883e+01 -2.25704885e+01]

[1.56982395 0.7        0.03275   ]
[ 3.18000000e-03 -1.94718841e-19  0.00000000e+00]
[ 1.94431926e-15  3.17531433e+01 -2.27352366e+01]

[1.56983985 0.7        0.03275   ]
[-6.63000000e-03  4.05970414e-19  0.00000000e+00]
[ 1.89846512e-15  3.10042883e+01 -2.28999847e+01]

[1.5698067 0.7       0.03275  ]
[ 3.18000000e-03 -1.94718841e-19  0.00000000e+00]
[ 1.94431926e-15  3.17531433e+01 -2.30647328e+01]

[1.5698226 0.7       0.03275  ]
[-6.63000000e-03  4.05970414e-19  0.00000000e+00]
[ 1.89846512e-15  3.10042883e+01 -2.32294809e+01]

[1.56978945 0.7        0.03275   ]
[ 3.18000000e-03 -1.94718841e-19  0.00000000e+00]
[ 1.94431926e-15  3.17531433e+01 -2.33942290e+01]

[1.56980535 0.7        0.03275   ]
[-6.63000000e-03  4.05970414e-19  0.00000000e+00]
[ 1.89846512e-15  3.10042883e+01 -2.35589771e+01]

[1.5697722 0.7       0.03275  ]
[ 3.18000000e-03 -1.94718841e-19  0.00000000e+00]
[ 1.94431926e-15  3.17531433e+01 -2.37237252e+01]

[1.5697881 0.7       0.03275  ]
[-6.63000000e-03  4.05970414e-19  0.00000000e+00]
[ 1.89846512e-15  3.10042883e+01 -2.38884733e+01]

[1.56975495 0.7        0.03275   ]
[ 3.18000000e-03 -1.94718841e-19  0.00000000e+00]
[ 1.94431926e-15  3.17531433e+01 -2.40532214e+01]

[1.56977085 0.7        0.03275   ]
[-6.63000000e-03  4.05970414e-19  0.00000000e+00]
[ 1.89846512e-15  3.10042883e+01 -2.42179695e+01]

[1.5697377 0.7       0.03275  ]
[ 3.18000000e-03 -1.94718841e-19  0.00000000e+00]
[ 1.94431926e-15  3.17531433e+01 -2.43827176e+01]

[1.5697536 0.7       0.03275  ]
[-6.63000000e-03  4.05970414e-19  0.00000000e+00]
[ 1.89846512e-15  3.10042883e+01 -2.45474656e+01]

[1.56972045 0.7        0.03275   ]
[ 3.18000000e-03 -1.94718841e-19  0.00000000e+00]
[ 1.94431926e-15  3.17531433e+01 -2.47122137e+01]

[1.56973635 0.7        0.03275   ]
[-6.63000000e-03  4.05970414e-19  0.00000000e+00]
[ 1.89846512e-15  3.10042883e+01 -2.48769618e+01]

[1.5697032 0.7       0.03275  ]
[ 3.18000000e-03 -1.94718841e-19  0.00000000e+00]
[ 1.94431926e-15  3.17531433e+01 -2.50417099e+01]

[1.5697191 0.7       0.03275  ]
[-6.63000000e-03  4.05970414e-19  0.00000000e+00]
[ 1.89846512e-15  3.10042883e+01 -2.52064580e+01]

[1.56968595 0.7        0.03275   ]
[ 3.18000000e-03 -1.94718841e-19  0.00000000e+00]
[ 1.94431926e-15  3.17531433e+01 -2.53712061e+01]

[1.56970185 0.7        0.03275   ]
[-6.63000000e-03  4.05970414e-19  0.00000000e+00]
[ 1.89846512e-15  3.10042883e+01 -2.55359542e+01]

[1.5696687 0.7       0.03275  ]
[ 3.18000000e-03 -1.94718841e-19  0.00000000e+00]
[ 1.94431926e-15  3.17531433e+01 -2.57007023e+01]

[1.5696846 0.7       0.03275  ]
[-6.63000000e-03  4.05970414e-19  0.00000000e+00]
[ 1.89846512e-15  3.10042883e+01 -2.58654504e+01]

[1.56965145 0.7        0.03275   ]
[ 3.18000000e-03 -1.94718841e-19  0.00000000e+00]
[ 1.94431926e-15  3.17531433e+01 -2.60301985e+01]

[1.56966735 0.7        0.03275   ]
[-6.63000000e-03  4.05970414e-19  0.00000000e+00]
[ 1.89846512e-15  3.10042883e+01 -2.61949466e+01]

[1.5696342 0.7       0.03275  ]
[ 3.18000000e-03 -1.94718841e-19  0.00000000e+00]
[ 1.94431926e-15  3.17531433e+01 -2.63596947e+01]

[1.5696501 0.7       0.03275  ]
[-6.63000000e-03  4.05970414e-19  0.00000000e+00]
[ 1.89846512e-15  3.10042883e+01 -2.65244427e+01]

[1.56961695 0.7        0.03275   ]
[ 3.18000000e-03 -1.94718841e-19  0.00000000e+00]
[ 1.94431926e-15  3.17531433e+01 -2.66891908e+01]

[1.56963285 0.7        0.03275   ]
[-6.63000000e-03  4.05970414e-19  0.00000000e+00]
[ 1.89846512e-15  3.10042883e+01 -2.68539389e+01]

[1.5695997 0.7       0.03275  ]
[ 3.18000000e-03 -1.94718841e-19  0.00000000e+00]
[ 1.94431926e-15  3.17531433e+01 -2.70186870e+01]

[1.5696156 0.7       0.03275  ]
[-6.63000000e-03  4.05970414e-19  0.00000000e+00]
[ 1.89846512e-15  3.10042883e+01 -2.71834351e+01]

[1.56958245 0.7        0.03275   ]
[ 3.18000000e-03 -1.94718841e-19  0.00000000e+00]
[ 1.94431926e-15  3.17531433e+01 -2.73481832e+01]

[1.56959835 0.7        0.03275   ]
[-6.63000000e-03  4.05970414e-19  0.00000000e+00]
[ 1.89846512e-15  3.10042883e+01 -2.75129313e+01]

[1.5695652 0.7       0.03275  ]
[ 3.18000000e-03 -1.94718841e-19  0.00000000e+00]
[ 1.94431926e-15  3.17531433e+01 -2.76776794e+01]

[1.5695811 0.7       0.03275  ]
[-6.63000000e-03  4.05970414e-19  0.00000000e+00]
[ 1.89846512e-15  3.10042883e+01 -2.78424275e+01]

[1.56954795 0.7        0.03275   ]
[ 3.18000000e-03 -1.94718841e-19  0.00000000e+00]
[ 1.94431926e-15  3.17531433e+01 -2.80071756e+01]

[1.56956385 0.7        0.03275   ]
[-6.63000000e-03  4.05970414e-19  0.00000000e+00]
[ 1.89846512e-15  3.10042883e+01 -2.81719237e+01]

[1.5695307 0.7       0.03275  ]
[ 3.18000000e-03 -1.94718841e-19  0.00000000e+00]
[ 1.94431926e-15  3.17531433e+01 -2.83366718e+01]

[1.5695466 0.7       0.03275  ]
[-6.63000000e-03  4.05970414e-19  0.00000000e+00]
[ 1.89846512e-15  3.10042883e+01 -2.85014198e+01]

[1.56951345 0.7        0.03275   ]
[ 3.18000000e-03 -1.94718841e-19  0.00000000e+00]
[ 1.94431926e-15  3.17531433e+01 -2.86661679e+01]

[1.56952935 0.7        0.03275   ]
[-6.63000000e-03  4.05970414e-19  0.00000000e+00]
[ 1.89846512e-15  3.10042883e+01 -2.88309160e+01]

[1.5694962 0.7       0.03275  ]
[ 3.18000000e-03 -1.94718841e-19  0.00000000e+00]
[ 1.94431926e-15  3.17531433e+01 -2.89956641e+01]

[1.5695121 0.7       0.03275  ]
[-6.63000000e-03  4.05970414e-19  0.00000000e+00]
[ 1.89846512e-15  3.10042883e+01 -2.91604122e+01]

[1.56947895 0.7        0.03275   ]
[ 3.18000000e-03 -1.94718841e-19  0.00000000e+00]
[ 1.94431926e-15  3.17531433e+01 -2.93251603e+01]

[1.56949485 0.7        0.03275   ]
[-6.63000000e-03  4.05970414e-19  0.00000000e+00]
[ 1.89846512e-15  3.10042883e+01 -2.94899084e+01]

[1.5694617 0.7       0.03275  ]
[ 3.18000000e-03 -1.94718841e-19  0.00000000e+00]
[ 1.94431926e-15  3.17531433e+01 -2.96546565e+01]

[1.5694776 0.7       0.03275  ]
[-6.63000000e-03  4.05970414e-19  0.00000000e+00]
[ 1.89846512e-15  3.10042883e+01 -2.98194046e+01]

[1.56944445 0.7        0.03275   ]
[ 3.18000000e-03 -1.94718841e-19  0.00000000e+00]
[ 1.94431926e-15  3.17531433e+01 -2.99841527e+01]

[1.56946035 0.7        0.03275   ]
[-6.63000000e-03  4.05970414e-19  0.00000000e+00]
[ 1.89846512e-15  3.10042883e+01 -3.01489008e+01]

[1.5694272 0.7       0.03275  ]
[ 3.18000000e-03 -1.94718841e-19  0.00000000e+00]
[ 1.94431926e-15  3.17531433e+01 -3.03136489e+01]

[1.5694431 0.7       0.03275  ]
[-6.63000000e-03  4.05970414e-19  0.00000000e+00]
[ 1.89846512e-15  3.10042883e+01 -3.04783969e+01]

[1.56940995 0.7        0.03275   ]
[ 3.18000000e-03 -1.94718841e-19  0.00000000e+00]
[ 1.94431926e-15  3.17531433e+01 -3.06431450e+01]

[1.56942585 0.7        0.03275   ]
[-6.63000000e-03  4.05970414e-19  0.00000000e+00]
[ 1.89846512e-15  3.10042883e+01 -3.08078931e+01]

[1.5693927 0.7       0.03275  ]
[ 3.18000000e-03 -1.94718841e-19  0.00000000e+00]
[ 1.94431926e-15  3.17531433e+01 -3.09726412e+01]

[1.5694086 0.7       0.03275  ]
[-6.63000000e-03  4.05970414e-19  0.00000000e+00]
[ 1.89846512e-15  3.10042883e+01 -3.11373893e+01]

[1.56937545 0.7        0.03275   ]
[ 3.18000000e-03 -1.94718841e-19  0.00000000e+00]
[ 1.94431926e-15  3.17531433e+01 -3.13021374e+01]

[1.56939135 0.7        0.03275   ]
[-6.63000000e-03  4.05970414e-19  0.00000000e+00]
[ 1.89846512e-15  3.10042883e+01 -3.14668855e+01]

[1.5693582 0.7       0.03275  ]
[ 3.18000000e-03 -1.94718841e-19  0.00000000e+00]
[ 1.94431926e-15  3.17531433e+01 -3.16316336e+01]

[1.5693741 0.7       0.03275  ]
[-6.63000000e-03  4.05970414e-19  0.00000000e+00]
[ 1.89846512e-15  3.10042883e+01 -3.17963817e+01]

[1.56934095 0.7        0.03275   ]
[ 3.18000000e-03 -1.94718841e-19  0.00000000e+00]
[ 1.94431926e-15  3.17531433e+01 -3.19611298e+01]

[1.56935685 0.7        0.03275   ]
[-6.63000000e-03  4.05970414e-19  0.00000000e+00]
[ 1.89846512e-15  3.10042883e+01 -3.21258779e+01]

[1.5693237 0.7       0.03275  ]
[ 3.18000000e-03 -1.94718841e-19  0.00000000e+00]
[ 1.94431926e-15  3.17531433e+01 -3.22906260e+01]

[1.5693396 0.7       0.03275  ]
[-6.63000000e-03  4.05970414e-19  0.00000000e+00]
[ 1.89846512e-15  3.10042883e+01 -3.24553740e+01]

[1.56930645 0.7        0.03275   ]
[ 3.18000000e-03 -1.94718841e-19  0.00000000e+00]
[ 1.94431926e-15  3.17531433e+01 -3.26201221e+01]

