[1.2     0.7     0.03275]
[-1.20000000e+00  7.34788079e-17  0.00000000e+00]
[1.09639104e-14 1.79054245e+02 0.00000000e+00]

[1.194   0.7     0.03275]
[-1.19019000e+00  7.28781187e-17  0.00000000e+00]
[ 1.10097645e-14  1.79803100e+02 -1.64748092e-01]

[1.18804905 0.7        0.03275   ]
[-1.18038000e+00  7.22774294e-17  0.00000000e+00]
[ 1.10556187e-14  1.80551955e+02 -3.29496183e-01]

[1.18214715 0.7        0.03275   ]
[-1.17057000e+00  7.16767402e-17  0.00000000e+00]
[ 1.11014728e-14  1.81300809e+02 -4.94244275e-01]

[1.1762943 0.7       0.03275  ]
[-1.16076000e+00  7.10760509e-17  0.00000000e+00]
[ 1.11473269e-14  1.82049664e+02 -6.58992366e-01]

[1.1704905 0.7       0.03275  ]
[-1.15095000e+00  7.04753617e-17  0.00000000e+00]
[ 1.11931811e-14  1.82798519e+02 -8.23740458e-01]

[1.16473575 0.7        0.03275   ]
[-1.14114000e+00  6.98746724e-17  0.00000000e+00]
[ 1.12390352e-14  1.83547374e+02 -9.88488550e-01]

[1.15903005 0.7        0.03275   ]
[-1.13133000e+00  6.92739832e-17  0.00000000e+00]
[ 1.12848894e-14  1.84296229e+02 -1.15323664e+00]

[1.1533734 0.7       0.03275  ]
[-1.12152000e+00  6.86732939e-17  0.00000000e+00]
[ 1.13307435e-14  1.85045084e+02 -1.31798473e+00]

[1.1477658 0.7       0.03275  ]
[-1.11171000e+00  6.80726047e-17  0.00000000e+00]
[ 1.13765977e-14  1.85793939e+02 -1.48273282e+00]

[1.14220725 0.7        0.03275   ]
[-1.10190000e+00  6.74719154e-17  0.00000000e+00]
[ 1.14224518e-14  1.86542794e+02 -1.64748092e+00]

[1.13669775 0.7        0.03275   ]
[-1.09209000e+00  6.68712261e-17  0.00000000e+00]
[ 1.14683059e-14  1.87291649e+02 -1.81222901e+00]

[1.1312373 0.7       0.03275  ]
[-1.08228000e+00  6.62705369e-17  0.00000000e+00]
[ 1.15141601e-14  1.88040504e+02 -1.97697710e+00]

[1.1258259 0.7       0.03275  ]
[-1.07247000e+00  6.56698476e-17  0.00000000e+00]
[ 1.15600142e-14  1.88789359e+02 -2.14172519e+00]

[1.12046355 0.7        0.03275   ]
[-1.06266000e+00  6.50691584e-17  0.00000000e+00]
[ 1.16058684e-14  1.89538214e+02 -2.30647328e+00]

[1.11515025 0.7        0.03275   ]
[-1.05285000e+00  6.44684691e-17  0.00000000e+00]
[ 1.16517225e-14  1.90287069e+02 -2.47122137e+00]

[1.109886 0.7      0.03275 ]
[-1.04304000e+00  6.38677799e-17  0.00000000e+00]
[ 1.16975766e-14  1.91035924e+02 -2.63596947e+00]

[1.1046708 0.7       0.03275  ]
[-1.03323000e+00  6.32670906e-17  0.00000000e+00]
[ 1.17434308e-14  1.91784779e+02 -2.80071756e+00]

[1.09950465 0.7        0.03275   ]
[-1.02342000e+00  6.26664014e-17  0.00000000e+00]
[ 1.17892849e-14  1.92533634e+02 -2.96546565e+00]

[1.09438755 0.7        0.03275   ]
[-1.01361000e+00  6.20657121e-17  0.00000000e+00]
[ 1.18351391e-14  1.93282489e+02 -3.13021374e+00]

[1.0893195 0.7       0.03275  ]
[-1.00380000e+00  6.14650228e-17  0.00000000e+00]
[ 1.18809932e-14  1.94031344e+02 -3.29496183e+00]

[1.0843005 0.7       0.03275  ]
[-9.93990000e-01  6.08643336e-17  0.00000000e+00]
[ 1.19268473e-14  1.94780199e+02 -3.45970992e+00]

[1.07933055 0.7        0.03275   ]
[-9.84180000e-01  6.02636443e-17  0.00000000e+00]
[ 1.19727015e-14  1.95529054e+02 -3.62445802e+00]

[1.07440965 0.7        0.03275   ]
[-9.74370000e-01  5.96629551e-17  0.00000000e+00]
[ 1.20185556e-14  1.96277909e+02 -3.78920611e+00]

[1.0695378 0.7       0.03275  ]
[-9.64560000e-01  5.90622658e-17  0.00000000e+00]
[ 1.20644098e-14  1.97026764e+02 -3.95395420e+00]

[1.064715 0.7      0.03275 ]
[-9.54750000e-01  5.84615766e-17  0.00000000e+00]
[ 1.21102639e-14  1.97775619e+02 -4.11870229e+00]

[1.05994125 0.7        0.03275   ]
[-9.44940000e-01  5.78608873e-17  0.00000000e+00]
[ 1.21561181e-14  1.98524474e+02 -4.28345038e+00]

[1.05521655 0.7        0.03275   ]
[-9.35130000e-01  5.72601981e-17  0.00000000e+00]
[ 1.22019722e-14  1.99273329e+02 -4.44819847e+00]

[1.0505409 0.7       0.03275  ]
[-9.25320000e-01  5.66595088e-17  0.00000000e+00]
[ 1.22478263e-14  2.00022184e+02 -4.61294656e+00]

[1.0459143 0.7       0.03275  ]
[-9.15510000e-01  5.60588196e-17  0.00000000e+00]
[ 1.22936805e-14  2.00771038e+02 -4.77769466e+00]

[1.04133675 0.7        0.03275   ]
[-9.05700000e-01  5.54581303e-17  0.00000000e+00]
[ 1.23395346e-14  2.01519893e+02 -4.94244275e+00]

[1.03680825 0.7        0.03275   ]
[-8.9589000e-01  5.4857441e-17  0.0000000e+00]
[ 1.23853888e-14  2.02268748e+02 -5.10719084e+00]

[1.0323288 0.7       0.03275  ]
[-8.86080000e-01  5.42567518e-17  0.00000000e+00]
[ 1.24312429e-14  2.03017603e+02 -5.27193893e+00]

[1.0278984 0.7       0.03275  ]
[-8.76270000e-01  5.36560625e-17  0.00000000e+00]
[ 1.24770970e-14  2.03766458e+02 -5.43668702e+00]

[1.02351705 0.7        0.03275   ]
[-8.66460000e-01  5.30553733e-17  0.00000000e+00]
[ 1.25229512e-14  2.04515313e+02 -5.60143511e+00]

[1.01918475 0.7        0.03275   ]
[-8.5665000e-01  5.2454684e-17  0.0000000e+00]
[ 1.25688053e-14  2.05264168e+02 -5.76618321e+00]

[1.0149015 0.7       0.03275  ]
[-8.46840000e-01  5.18539948e-17  0.00000000e+00]
[ 1.26146595e-14  2.06013023e+02 -5.93093130e+00]

[1.0106673 0.7       0.03275  ]
[-8.37030000e-01  5.12533055e-17  0.00000000e+00]
[ 1.26605136e-14  2.06761878e+02 -6.09567939e+00]

[1.00648215 0.7        0.03275   ]
[-8.27220000e-01  5.06526163e-17  0.00000000e+00]
[ 1.27063678e-14  2.07510733e+02 -6.26042748e+00]

[1.00234605 0.7        0.03275   ]
[-8.1741000e-01  5.0051927e-17  0.0000000e+00]
[ 1.27522219e-14  2.08259588e+02 -6.42517557e+00]

[0.998259 0.7      0.03275 ]
[-8.07600000e-01  4.94512377e-17  0.00000000e+00]
[ 1.27980760e-14  2.09008443e+02 -6.58992366e+00]

[0.994221 0.7      0.03275 ]
[-7.97790000e-01  4.88505485e-17  0.00000000e+00]
[ 1.28439302e-14  2.09757298e+02 -6.75467176e+00]

[0.99023205 0.7        0.03275   ]
[-7.87980000e-01  4.82498592e-17  0.00000000e+00]
[ 1.28897843e-14  2.10506153e+02 -6.91941985e+00]

[0.98629215 0.7        0.03275   ]
[-7.781700e-01  4.764917e-17  0.000000e+00]
[ 1.29356385e-14  2.11255008e+02 -7.08416794e+00]

[0.9824013 0.7       0.03275  ]
[-7.68360000e-01  4.70484807e-17  0.00000000e+00]
[ 1.29814926e-14  2.12003863e+02 -7.24891603e+00]

[0.9785595 0.7       0.03275  ]
[-7.58550000e-01  4.64477915e-17  0.00000000e+00]
[ 1.30273467e-14  2.12752718e+02 -7.41366412e+00]

[0.97476675 0.7        0.03275   ]
[-7.48740000e-01  4.58471022e-17  0.00000000e+00]
[ 1.30732009e-14  2.13501573e+02 -7.57841221e+00]

[0.97102305 0.7        0.03275   ]
[-7.3893000e-01  4.5246413e-17  0.0000000e+00]
[ 1.31190550e-14  2.14250428e+02 -7.74316031e+00]

[0.9673284 0.7       0.03275  ]
[-7.29120000e-01  4.46457237e-17  0.00000000e+00]
[ 1.31649092e-14  2.14999283e+02 -7.90790840e+00]

[0.9636828 0.7       0.03275  ]
[-7.19310000e-01  4.40450345e-17  0.00000000e+00]
[ 1.32107633e-14  2.15748138e+02 -8.07265649e+00]

[0.96008625 0.7        0.03275   ]
[-7.09500000e-01  4.34443452e-17  0.00000000e+00]
[ 1.32566175e-14  2.16496993e+02 -8.23740458e+00]

[0.95653875 0.7        0.03275   ]
[-6.99690000e-01  4.28436559e-17  0.00000000e+00]
[ 1.33024716e-14  2.17245848e+02 -8.40215267e+00]

[0.9530403 0.7       0.03275  ]
[-6.89880000e-01  4.22429667e-17  0.00000000e+00]
[ 1.33483257e-14  2.17994703e+02 -8.56690076e+00]

[0.9495909 0.7       0.03275  ]
[-6.80070000e-01  4.16422774e-17  0.00000000e+00]
[ 1.33941799e-14  2.18743558e+02 -8.73164885e+00]

[0.94619055 0.7        0.03275   ]
[-6.70260000e-01  4.10415882e-17  0.00000000e+00]
[ 1.34400340e-14  2.19492413e+02 -8.89639695e+00]

[0.94283925 0.7        0.03275   ]
[-6.60450000e-01  4.04408989e-17  0.00000000e+00]
[ 1.34858882e-14  2.20241267e+02 -9.06114504e+00]

[0.939537 0.7      0.03275 ]
[-6.50640000e-01  3.98402097e-17  0.00000000e+00]
[ 1.35317423e-14  2.20990122e+02 -9.22589313e+00]

[0.9362838 0.7       0.03275  ]
[-6.40830000e-01  3.92395204e-17  0.00000000e+00]
[ 1.35775964e-14  2.21738977e+02 -9.39064122e+00]

[0.93307965 0.7        0.03275   ]
[-6.31020000e-01  3.86388312e-17  0.00000000e+00]
[ 1.36234506e-14  2.22487832e+02 -9.55538931e+00]

[0.92992455 0.7        0.03275   ]
[-6.21210000e-01  3.80381419e-17  0.00000000e+00]
[ 1.36693047e-14  2.23236687e+02 -9.72013740e+00]

[0.9268185 0.7       0.03275  ]
[-6.11400000e-01  3.74374526e-17  0.00000000e+00]
[ 1.37151589e-14  2.23985542e+02 -9.88488550e+00]

[0.9237615 0.7       0.03275  ]
[-6.01590000e-01  3.68367634e-17  0.00000000e+00]
[ 1.37610130e-14  2.24734397e+02 -1.00496336e+01]

[0.92075355 0.7        0.03275   ]
[-5.91780000e-01  3.62360741e-17  0.00000000e+00]
[ 1.38068672e-14  2.25483252e+02 -1.02143817e+01]

[0.91779465 0.7        0.03275   ]
[-5.81970000e-01  3.56353849e-17  0.00000000e+00]
[ 1.38527213e-14  2.26232107e+02 -1.03791298e+01]

[0.9148848 0.7       0.03275  ]
[-5.72160000e-01  3.50346956e-17  0.00000000e+00]
[ 1.38985754e-14  2.26980962e+02 -1.05438779e+01]

[0.912024 0.7      0.03275 ]
[-5.62350000e-01  3.44340064e-17  0.00000000e+00]
[ 1.39444296e-14  2.27729817e+02 -1.07086260e+01]

[0.90921225 0.7        0.03275   ]
[-5.52540000e-01  3.38333171e-17  0.00000000e+00]
[ 1.39902837e-14  2.28478672e+02 -1.08733740e+01]

[0.90644955 0.7        0.03275   ]
[-5.42730000e-01  3.32326279e-17  0.00000000e+00]
[ 1.40361379e-14  2.29227527e+02 -1.10381221e+01]

[0.9037359 0.7       0.03275  ]
[-5.32920000e-01  3.26319386e-17  0.00000000e+00]
[ 1.40819920e-14  2.29976382e+02 -1.12028702e+01]

[0.9010713 0.7       0.03275  ]
[-5.23110000e-01  3.20312494e-17  0.00000000e+00]
[ 1.41278461e-14  2.30725237e+02 -1.13676183e+01]

[0.89845575 0.7        0.03275   ]
[-5.13300000e-01  3.14305601e-17  0.00000000e+00]
[ 1.41737003e-14  2.31474092e+02 -1.15323664e+01]

[0.89588925 0.7        0.03275   ]
[-5.03490000e-01  3.08298708e-17  0.00000000e+00]
[ 1.42195544e-14  2.32222947e+02 -1.16971145e+01]

[0.8933718 0.7       0.03275  ]
[-4.93680000e-01  3.02291816e-17  0.00000000e+00]
[ 1.42654086e-14  2.32971802e+02 -1.18618626e+01]

[0.8909034 0.7       0.03275  ]
[-4.83870000e-01  2.96284923e-17  0.00000000e+00]
[ 1.43112627e-14  2.33720657e+02 -1.20266107e+01]

[0.88848405 0.7        0.03275   ]
[-4.74060000e-01  2.90278031e-17  0.00000000e+00]
[ 1.43571169e-14  2.34469512e+02 -1.21913588e+01]

[0.88611375 0.7        0.03275   ]
[-4.64250000e-01  2.84271138e-17  0.00000000e+00]
[ 1.44029710e-14  2.35218367e+02 -1.23561069e+01]

[0.8837925 0.7       0.03275  ]
[-4.54440000e-01  2.78264246e-17  0.00000000e+00]
[ 1.44488251e-14  2.35967222e+02 -1.25208550e+01]

[0.8815203 0.7       0.03275  ]
[-4.44630000e-01  2.72257353e-17  0.00000000e+00]
[ 1.44946793e-14  2.36716077e+02 -1.26856031e+01]

[0.87929715 0.7        0.03275   ]
[-4.34820000e-01  2.66250461e-17  0.00000000e+00]
[ 1.45405334e-14  2.37464932e+02 -1.28503511e+01]

[0.87712305 0.7        0.03275   ]
[-4.25010000e-01  2.60243568e-17  0.00000000e+00]
[ 1.45863876e-14  2.38213787e+02 -1.30150992e+01]

[0.874998 0.7      0.03275 ]
[-4.15200000e-01  2.54236676e-17  0.00000000e+00]
[ 1.46322417e-14  2.38962642e+02 -1.31798473e+01]

[0.872922 0.7      0.03275 ]
[-4.05390000e-01  2.48229783e-17  0.00000000e+00]
[ 1.46780958e-14  2.39711497e+02 -1.33445954e+01]

[0.87089505 0.7        0.03275   ]
[-3.9558000e-01  2.4222289e-17  0.0000000e+00]
[ 1.47239500e-14  2.40460351e+02 -1.35093435e+01]

[0.86891715 0.7        0.03275   ]
[-3.85770000e-01  2.36215998e-17  0.00000000e+00]
[ 1.47698041e-14  2.41209206e+02 -1.36740916e+01]

[0.8669883 0.7       0.03275  ]
[-3.75960000e-01  2.30209105e-17  0.00000000e+00]
[ 1.48156583e-14  2.41958061e+02 -1.38388397e+01]

[0.8651085 0.7       0.03275  ]
[-3.66150000e-01  2.24202213e-17  0.00000000e+00]
[ 1.48615124e-14  2.42706916e+02 -1.40035878e+01]

[0.86327775 0.7        0.03275   ]
[-3.5634000e-01  2.1819532e-17  0.0000000e+00]
[ 1.49073666e-14  2.43455771e+02 -1.41683359e+01]

[0.86149605 0.7        0.03275   ]
[-3.46530000e-01  2.12188428e-17  0.00000000e+00]
[ 1.49532207e-14  2.44204626e+02 -1.43330840e+01]

[0.8597634 0.7       0.03275  ]
[-3.36720000e-01  2.06181535e-17  0.00000000e+00]
[ 1.49990748e-14  2.44953481e+02 -1.44978321e+01]

[0.8580798 0.7       0.03275  ]
[-3.26910000e-01  2.00174643e-17  0.00000000e+00]
[ 1.50449290e-14  2.45702336e+02 -1.46625802e+01]

[0.85644525 0.7        0.03275   ]
[-3.1710000e-01  1.9416775e-17  0.0000000e+00]
[ 1.50907831e-14  2.46451191e+02 -1.48273282e+01]

[0.85485975 0.7        0.03275   ]
[-3.07290000e-01  1.88160857e-17  0.00000000e+00]
[ 1.51366373e-14  2.47200046e+02 -1.49920763e+01]

[0.8533233 0.7       0.03275  ]
[-2.97480000e-01  1.82153965e-17  0.00000000e+00]
[ 1.51824914e-14  2.47948901e+02 -1.51568244e+01]

[0.8518359 0.7       0.03275  ]
[-2.87670000e-01  1.76147072e-17  0.00000000e+00]
[ 1.52283455e-14  2.48697756e+02 -1.53215725e+01]

[0.85039755 0.7        0.03275   ]
[-2.7786000e-01  1.7014018e-17  0.0000000e+00]
[ 1.52741997e-14  2.49446611e+02 -1.54863206e+01]

[0.84900825 0.7        0.03275   ]
[-2.68050000e-01  1.64133287e-17  0.00000000e+00]
[ 1.53200538e-14  2.50195466e+02 -1.56510687e+01]

[0.847668 0.7      0.03275 ]
[-2.58240000e-01  1.58126395e-17  0.00000000e+00]
[ 1.53659080e-14  2.50944321e+02 -1.58158168e+01]

[0.8463768 0.7       0.03275  ]
[-2.48430000e-01  1.52119502e-17  0.00000000e+00]
[ 1.54117621e-14  2.51693176e+02 -1.59805649e+01]

[0.84513465 0.7        0.03275   ]
[-2.3862000e-01  1.4611261e-17  0.0000000e+00]
[ 1.54576163e-14  2.52442031e+02 -1.61453130e+01]

[0.84394155 0.7        0.03275   ]
[-2.28810000e-01  1.40105717e-17  0.00000000e+00]
[ 1.55034704e-14  2.53190886e+02 -1.63100611e+01]

[0.8427975 0.7       0.03275  ]
[-2.19000000e-01  1.34098825e-17  0.00000000e+00]
[ 1.55493245e-14  2.53939741e+02 -1.64748092e+01]

[0.8417025 0.7       0.03275  ]
[-2.09190000e-01  1.28091932e-17  0.00000000e+00]
[ 1.55951787e-14  2.54688596e+02 -1.66395573e+01]

[0.84065655 0.7        0.03275   ]
[-1.99380000e-01  1.22085039e-17  0.00000000e+00]
[ 1.56410328e-14  2.55437451e+02 -1.68043053e+01]

[0.83965965 0.7        0.03275   ]
[-1.89570000e-01  1.16078147e-17  0.00000000e+00]
[ 1.56868870e-14  2.56186306e+02 -1.69690534e+01]

[0.8387118 0.7       0.03275  ]
[-1.79760000e-01  1.10071254e-17  0.00000000e+00]
[ 1.57327411e-14  2.56935161e+02 -1.71338015e+01]

[0.837813 0.7      0.03275 ]
[-1.69950000e-01  1.04064362e-17  0.00000000e+00]
[ 1.57785952e-14  2.57684016e+02 -1.72985496e+01]

[0.83696325 0.7        0.03275   ]
[-1.60140000e-01  9.80574692e-18  0.00000000e+00]
[ 1.58244494e-14  2.58432871e+02 -1.74632977e+01]

[0.83616255 0.7        0.03275   ]
[-1.50330000e-01  9.20505767e-18  0.00000000e+00]
[ 1.58703035e-14  2.59181726e+02 -1.76280458e+01]

[0.8354109 0.7       0.03275  ]
[-1.40520000e-01  8.60436841e-18  0.00000000e+00]
[ 1.59161577e-14  2.59930580e+02 -1.77927939e+01]

[0.8347083 0.7       0.03275  ]
[-1.30710000e-01  8.00367916e-18  0.00000000e+00]
[ 1.59620118e-14  2.60679435e+02 -1.79575420e+01]

[0.83405475 0.7        0.03275   ]
[-1.2090000e-01  7.4029899e-18  0.0000000e+00]
[ 1.60078660e-14  2.61428290e+02 -1.81222901e+01]

[0.83345025 0.7        0.03275   ]
[-1.11090000e-01  6.80230065e-18  0.00000000e+00]
[ 1.60537201e-14  2.62177145e+02 -1.82870382e+01]

[0.8328948 0.7       0.03275  ]
[-1.01280000e-01  6.20161139e-18  0.00000000e+00]
[ 1.60995742e-14  2.62926000e+02 -1.84517863e+01]

[0.8323884 0.7       0.03275  ]
[-9.14700000e-02  5.60092214e-18  0.00000000e+00]
[ 1.61454284e-14  2.63674855e+02 -1.86165344e+01]

[0.83193105 0.7        0.03275   ]
[-8.16600000e-02  5.00023288e-18  0.00000000e+00]
[ 1.61912825e-14  2.64423710e+02 -1.87812824e+01]

[0.83152275 0.7        0.03275   ]
[-7.18500000e-02  4.39954363e-18  0.00000000e+00]
[ 1.62371367e-14  2.65172565e+02 -1.89460305e+01]

[0.8311635 0.7       0.03275  ]
[-6.20400000e-02  3.79885437e-18  0.00000000e+00]
[ 1.62829908e-14  2.65921420e+02 -1.91107786e+01]

[0.8308533 0.7       0.03275  ]
[-5.22300000e-02  3.19816512e-18  0.00000000e+00]
[ 1.63288449e-14  2.66670275e+02 -1.92755267e+01]

[0.83059215 0.7        0.03275   ]
[-4.24200000e-02  2.59747586e-18  0.00000000e+00]
[ 1.63746991e-14  2.67419130e+02 -1.94402748e+01]

[0.83038005 0.7        0.03275   ]
[-3.26100000e-02  1.99678661e-18  0.00000000e+00]
[ 1.64205532e-14  2.68167985e+02 -1.96050229e+01]

[0.830217 0.7      0.03275 ]
[-2.28000000e-02  1.39609735e-18  0.00000000e+00]
[ 1.64664074e-14  2.68916840e+02 -1.97697710e+01]

[0.830103 0.7      0.03275 ]
[-1.29900000e-02  7.95408096e-19  0.00000000e+00]
[ 1.65122615e-14  2.69665695e+02 -1.99345191e+01]

[0.83003805 0.7        0.03275   ]
[-3.18000000e-03  1.94718841e-19  0.00000000e+00]
[ 1.65581157e-14  2.70414550e+02 -2.00992672e+01]

[0.83002215 0.7        0.03275   ]
[ 6.63000000e-03 -4.05970414e-19  0.00000000e+00]
[ 1.66039698e-14  2.71163405e+02 -2.02640153e+01]

[0.8300553 0.7       0.03275  ]
[-3.18000000e-03  1.94718841e-19  0.00000000e+00]
[ 1.65581157e-14  2.70414550e+02 -2.04287634e+01]

[0.8300394 0.7       0.03275  ]
[ 6.63000000e-03 -4.05970414e-19  0.00000000e+00]
[ 1.66039698e-14  2.71163405e+02 -2.05935115e+01]

[0.83007255 0.7        0.03275   ]
[-3.18000000e-03  1.94718841e-19  0.00000000e+00]
[ 1.65581157e-14  2.70414550e+02 -2.07582595e+01]

[0.83005665 0.7        0.03275   ]
[ 6.63000000e-03 -4.05970414e-19  0.00000000e+00]
[ 1.66039698e-14  2.71163405e+02 -2.09230076e+01]

[0.8300898 0.7       0.03275  ]
[-3.18000000e-03  1.94718841e-19  0.00000000e+00]
[ 1.65581157e-14  2.70414550e+02 -2.10877557e+01]

[0.8300739 0.7       0.03275  ]
[ 6.63000000e-03 -4.05970414e-19  0.00000000e+00]
[ 1.66039698e-14  2.71163405e+02 -2.12525038e+01]

[0.83010705 0.7        0.03275   ]
[-3.18000000e-03  1.94718841e-19  0.00000000e+00]
[ 1.65581157e-14  2.70414550e+02 -2.14172519e+01]

[0.83009115 0.7        0.03275   ]
[ 6.63000000e-03 -4.05970414e-19  0.00000000e+00]
[ 1.66039698e-14  2.71163405e+02 -2.15820000e+01]

[0.8301243 0.7       0.03275  ]
[-3.18000000e-03  1.94718841e-19  0.00000000e+00]
[ 1.65581157e-14  2.70414550e+02 -2.17467481e+01]

[0.8301084 0.7       0.03275  ]
[ 6.63000000e-03 -4.05970414e-19  0.00000000e+00]
[ 1.66039698e-14  2.71163405e+02 -2.19114962e+01]

[0.83014155 0.7        0.03275   ]
[-3.18000000e-03  1.94718841e-19  0.00000000e+00]
[ 1.65581157e-14  2.70414550e+02 -2.20762443e+01]

[0.83012565 0.7        0.03275   ]
[ 6.63000000e-03 -4.05970414e-19  0.00000000e+00]
[ 1.66039698e-14  2.71163405e+02 -2.22409924e+01]

[0.8301588 0.7       0.03275  ]
[-3.18000000e-03  1.94718841e-19  0.00000000e+00]
[ 1.65581157e-14  2.70414550e+02 -2.24057405e+01]

[0.8301429 0.7       0.03275  ]
[ 6.63000000e-03 -4.05970414e-19  0.00000000e+00]
[ 1.66039698e-14  2.71163405e+02 -2.25704885e+01]

[0.83017605 0.7        0.03275   ]
[-3.18000000e-03  1.94718841e-19  0.00000000e+00]
[ 1.65581157e-14  2.70414550e+02 -2.27352366e+01]

[0.83016015 0.7        0.03275   ]
[ 6.63000000e-03 -4.05970414e-19  0.00000000e+00]
[ 1.66039698e-14  2.71163405e+02 -2.28999847e+01]

[0.8301933 0.7       0.03275  ]
[-3.18000000e-03  1.94718841e-19  0.00000000e+00]
[ 1.65581157e-14  2.70414550e+02 -2.30647328e+01]

[0.8301774 0.7       0.03275  ]
[ 6.63000000e-03 -4.05970414e-19  0.00000000e+00]
[ 1.66039698e-14  2.71163405e+02 -2.32294809e+01]

[0.83021055 0.7        0.03275   ]
[-3.18000000e-03  1.94718841e-19  0.00000000e+00]
[ 1.65581157e-14  2.70414550e+02 -2.33942290e+01]

[0.83019465 0.7        0.03275   ]
[ 6.63000000e-03 -4.05970414e-19  0.00000000e+00]
[ 1.66039698e-14  2.71163405e+02 -2.35589771e+01]

[0.8302278 0.7       0.03275  ]
[-3.18000000e-03  1.94718841e-19  0.00000000e+00]
[ 1.65581157e-14  2.70414550e+02 -2.37237252e+01]

[0.8302119 0.7       0.03275  ]
[ 6.63000000e-03 -4.05970414e-19  0.00000000e+00]
[ 1.66039698e-14  2.71163405e+02 -2.38884733e+01]

[0.83024505 0.7        0.03275   ]
[-3.18000000e-03  1.94718841e-19  0.00000000e+00]
[ 1.65581157e-14  2.70414550e+02 -2.40532214e+01]

[0.83022915 0.7        0.03275   ]
[ 6.63000000e-03 -4.05970414e-19  0.00000000e+00]
[ 1.66039698e-14  2.71163405e+02 -2.42179695e+01]

[0.8302623 0.7       0.03275  ]
[-3.18000000e-03  1.94718841e-19  0.00000000e+00]
[ 1.65581157e-14  2.70414550e+02 -2.43827176e+01]

[0.8302464 0.7       0.03275  ]
[ 6.63000000e-03 -4.05970414e-19  0.00000000e+00]
[ 1.66039698e-14  2.71163405e+02 -2.45474656e+01]

[0.83027955 0.7        0.03275   ]
[-3.18000000e-03  1.94718841e-19  0.00000000e+00]
[ 1.65581157e-14  2.70414550e+02 -2.47122137e+01]

[0.83026365 0.7        0.03275   ]
[ 6.63000000e-03 -4.05970414e-19  0.00000000e+00]
[ 1.66039698e-14  2.71163405e+02 -2.48769618e+01]

[0.8302968 0.7       0.03275  ]
[-3.18000000e-03  1.94718841e-19  0.00000000e+00]
[ 1.65581157e-14  2.70414550e+02 -2.50417099e+01]

[0.8302809 0.7       0.03275  ]
[ 6.63000000e-03 -4.05970414e-19  0.00000000e+00]
[ 1.66039698e-14  2.71163405e+02 -2.52064580e+01]

[0.83031405 0.7        0.03275   ]
[-3.18000000e-03  1.94718841e-19  0.00000000e+00]
[ 1.65581157e-14  2.70414550e+02 -2.53712061e+01]

[0.83029815 0.7        0.03275   ]
[ 6.63000000e-03 -4.05970414e-19  0.00000000e+00]
[ 1.66039698e-14  2.71163405e+02 -2.55359542e+01]

[0.8303313 0.7       0.03275  ]
[-3.18000000e-03  1.94718841e-19  0.00000000e+00]
[ 1.65581157e-14  2.70414550e+02 -2.57007023e+01]

[0.8303154 0.7       0.03275  ]
[ 6.63000000e-03 -4.05970414e-19  0.00000000e+00]
[ 1.66039698e-14  2.71163405e+02 -2.58654504e+01]

[0.83034855 0.7        0.03275   ]
[-3.18000000e-03  1.94718841e-19  0.00000000e+00]
[ 1.65581157e-14  2.70414550e+02 -2.60301985e+01]

[0.83033265 0.7        0.03275   ]
[ 6.63000000e-03 -4.05970414e-19  0.00000000e+00]
[ 1.66039698e-14  2.71163405e+02 -2.61949466e+01]

[0.8303658 0.7       0.03275  ]
[-3.18000000e-03  1.94718841e-19  0.00000000e+00]
[ 1.65581157e-14  2.70414550e+02 -2.63596947e+01]

[0.8303499 0.7       0.03275  ]
[ 6.63000000e-03 -4.05970414e-19  0.00000000e+00]
[ 1.66039698e-14  2.71163405e+02 -2.65244427e+01]

[0.83038305 0.7        0.03275   ]
[-3.18000000e-03  1.94718841e-19  0.00000000e+00]
[ 1.65581157e-14  2.70414550e+02 -2.66891908e+01]

[0.83036715 0.7        0.03275   ]
[ 6.63000000e-03 -4.05970414e-19  0.00000000e+00]
[ 1.66039698e-14  2.71163405e+02 -2.68539389e+01]

[0.8304003 0.7       0.03275  ]
[-3.18000000e-03  1.94718841e-19  0.00000000e+00]
[ 1.65581157e-14  2.70414550e+02 -2.70186870e+01]

[0.8303844 0.7       0.03275  ]
[ 6.63000000e-03 -4.05970414e-19  0.00000000e+00]
[ 1.66039698e-14  2.71163405e+02 -2.71834351e+01]

[0.83041755 0.7        0.03275   ]
[-3.18000000e-03  1.94718841e-19  0.00000000e+00]
[ 1.65581157e-14  2.70414550e+02 -2.73481832e+01]

[0.83040165 0.7        0.03275   ]
[ 6.63000000e-03 -4.05970414e-19  0.00000000e+00]
[ 1.66039698e-14  2.71163405e+02 -2.75129313e+01]

[0.8304348 0.7       0.03275  ]
[-3.18000000e-03  1.94718841e-19  0.00000000e+00]
[ 1.65581157e-14  2.70414550e+02 -2.76776794e+01]

[0.8304189 0.7       0.03275  ]
[ 6.63000000e-03 -4.05970414e-19  0.00000000e+00]
[ 1.66039698e-14  2.71163405e+02 -2.78424275e+01]

[0.83045205 0.7        0.03275   ]
[-3.18000000e-03  1.94718841e-19  0.00000000e+00]
[ 1.65581157e-14  2.70414550e+02 -2.80071756e+01]

[0.83043615 0.7        0.03275   ]
[ 6.63000000e-03 -4.05970414e-19  0.00000000e+00]
[ 1.66039698e-14  2.71163405e+02 -2.81719237e+01]

[0.8304693 0.7       0.03275  ]
[-3.18000000e-03  1.94718841e-19  0.00000000e+00]
[ 1.65581157e-14  2.70414550e+02 -2.83366718e+01]

[0.8304534 0.7       0.03275  ]
[ 6.63000000e-03 -4.05970414e-19  0.00000000e+00]
[ 1.66039698e-14  2.71163405e+02 -2.85014198e+01]

[0.83048655 0.7        0.03275   ]
[-3.18000000e-03  1.94718841e-19  0.00000000e+00]
[ 1.65581157e-14  2.70414550e+02 -2.86661679e+01]

[0.83047065 0.7        0.03275   ]
[ 6.63000000e-03 -4.05970414e-19  0.00000000e+00]
[ 1.66039698e-14  2.71163405e+02 -2.88309160e+01]

[0.8305038 0.7       0.03275  ]
[-3.18000000e-03  1.94718841e-19  0.00000000e+00]
[ 1.65581157e-14  2.70414550e+02 -2.89956641e+01]

[0.8304879 0.7       0.03275  ]
[ 6.63000000e-03 -4.05970414e-19  0.00000000e+00]
[ 1.66039698e-14  2.71163405e+02 -2.91604122e+01]

[0.83052105 0.7        0.03275   ]
[-3.18000000e-03  1.94718841e-19  0.00000000e+00]
[ 1.65581157e-14  2.70414550e+02 -2.93251603e+01]

[0.83050515 0.7        0.03275   ]
[ 6.63000000e-03 -4.05970414e-19  0.00000000e+00]
[ 1.66039698e-14  2.71163405e+02 -2.94899084e+01]

[0.8305383 0.7       0.03275  ]
[-3.18000000e-03  1.94718841e-19  0.00000000e+00]
[ 1.65581157e-14  2.70414550e+02 -2.96546565e+01]

[0.8305224 0.7       0.03275  ]
[ 6.63000000e-03 -4.05970414e-19  0.00000000e+00]
[ 1.66039698e-14  2.71163405e+02 -2.98194046e+01]

[0.83055555 0.7        0.03275   ]
[-3.18000000e-03  1.94718841e-19  0.00000000e+00]
[ 1.65581157e-14  2.70414550e+02 -2.99841527e+01]

[0.83053965 0.7        0.03275   ]
[ 6.63000000e-03 -4.05970414e-19  0.00000000e+00]
[ 1.66039698e-14  2.71163405e+02 -3.01489008e+01]

[0.8305728 0.7       0.03275  ]
[-3.18000000e-03  1.94718841e-19  0.00000000e+00]
[ 1.65581157e-14  2.70414550e+02 -3.03136489e+01]

[0.8305569 0.7       0.03275  ]
[ 6.63000000e-03 -4.05970414e-19  0.00000000e+00]
[ 1.66039698e-14  2.71163405e+02 -3.04783969e+01]

[0.83059005 0.7        0.03275   ]
[-3.18000000e-03  1.94718841e-19  0.00000000e+00]
[ 1.65581157e-14  2.70414550e+02 -3.06431450e+01]

[0.83057415 0.7        0.03275   ]
[ 6.63000000e-03 -4.05970414e-19  0.00000000e+00]
[ 1.66039698e-14  2.71163405e+02 -3.08078931e+01]

[0.8306073 0.7       0.03275  ]
[-3.18000000e-03  1.94718841e-19  0.00000000e+00]
[ 1.65581157e-14  2.70414550e+02 -3.09726412e+01]

[0.8305914 0.7       0.03275  ]
[ 6.63000000e-03 -4.05970414e-19  0.00000000e+00]
[ 1.66039698e-14  2.71163405e+02 -3.11373893e+01]

[0.83062455 0.7        0.03275   ]
[-3.18000000e-03  1.94718841e-19  0.00000000e+00]
[ 1.65581157e-14  2.70414550e+02 -3.13021374e+01]

[0.83060865 0.7        0.03275   ]
[ 6.63000000e-03 -4.05970414e-19  0.00000000e+00]
[ 1.66039698e-14  2.71163405e+02 -3.14668855e+01]

[0.8306418 0.7       0.03275  ]
[-3.18000000e-03  1.94718841e-19  0.00000000e+00]
[ 1.65581157e-14  2.70414550e+02 -3.16316336e+01]

[0.8306259 0.7       0.03275  ]
[ 6.63000000e-03 -4.05970414e-19  0.00000000e+00]
[ 1.66039698e-14  2.71163405e+02 -3.17963817e+01]

[0.83065905 0.7        0.03275   ]
[-3.18000000e-03  1.94718841e-19  0.00000000e+00]
[ 1.65581157e-14  2.70414550e+02 -3.19611298e+01]

[0.83064315 0.7        0.03275   ]
[ 6.63000000e-03 -4.05970414e-19  0.00000000e+00]
[ 1.66039698e-14  2.71163405e+02 -3.21258779e+01]

[0.8306763 0.7       0.03275  ]
[-3.18000000e-03  1.94718841e-19  0.00000000e+00]
[ 1.65581157e-14  2.70414550e+02 -3.22906260e+01]

[0.8306604 0.7       0.03275  ]
[ 6.63000000e-03 -4.05970414e-19  0.00000000e+00]
[ 1.66039698e-14  2.71163405e+02 -3.24553740e+01]

[0.83069355 0.7        0.03275   ]
[-3.18000000e-03  1.94718841e-19  0.00000000e+00]
[ 1.65581157e-14  2.70414550e+02 -3.26201221e+01]

