[1.2     0.7     0.03275]
[-1.20000000e+00  7.34788079e-17  0.00000000e+00]
[-145.33845131   69.2385852    83.91119399]

[1.194   0.7     0.03275]
[-1.19019000e+00  7.28781187e-17  0.00000000e+00]
[-145.33845131   69.98744016   83.74644589]

[1.18804905 0.7        0.03275   ]
[-1.18038000e+00  7.22774294e-17  0.00000000e+00]
[-145.33845131   70.73629512   83.5816978 ]

[1.18214715 0.7        0.03275   ]
[-1.17057000e+00  7.16767402e-17  0.00000000e+00]
[-145.33845131   71.48515009   83.41694971]

[1.1762943 0.7       0.03275  ]
[-1.16076000e+00  7.10760509e-17  0.00000000e+00]
[-145.33845131   72.23400505   83.25220162]

[1.1704905 0.7       0.03275  ]
[-1.15095000e+00  7.04753617e-17  0.00000000e+00]
[-145.33845131   72.98286001   83.08745353]

[1.16473575 0.7        0.03275   ]
[-1.14114000e+00  6.98746724e-17  0.00000000e+00]
[-145.33845131   73.73171497   82.92270544]

[1.15903005 0.7        0.03275   ]
[-1.13133000e+00  6.92739832e-17  0.00000000e+00]
[-145.33845131   74.48056993   82.75795735]

[1.1533734 0.7       0.03275  ]
[-1.12152000e+00  6.86732939e-17  0.00000000e+00]
[-145.33845131   75.2294249    82.59320925]

[1.1477658 0.7       0.03275  ]
[-1.11171000e+00  6.80726047e-17  0.00000000e+00]
[-145.33845131   75.97827986   82.42846116]

[1.14220725 0.7        0.03275   ]
[-1.10190000e+00  6.74719154e-17  0.00000000e+00]
[-145.33845131   76.72713482   82.26371307]

[1.13669775 0.7        0.03275   ]
[-1.09209000e+00  6.68712261e-17  0.00000000e+00]
[-145.33845131   77.47598978   82.09896498]

[1.1312373 0.7       0.03275  ]
[-1.08228000e+00  6.62705369e-17  0.00000000e+00]
[-145.33845131   78.22484474   81.93421689]

[1.1258259 0.7       0.03275  ]
[-1.07247000e+00  6.56698476e-17  0.00000000e+00]
[-145.33845131   78.9736997    81.7694688 ]

[1.12046355 0.7        0.03275   ]
[-1.06266000e+00  6.50691584e-17  0.00000000e+00]
[-145.33845131   79.72255467   81.6047207 ]

[1.11515025 0.7        0.03275   ]
[-1.05285000e+00  6.44684691e-17  0.00000000e+00]
[-145.33845131   80.47140963   81.43997261]

[1.109886 0.7      0.03275 ]
[-1.04304000e+00  6.38677799e-17  0.00000000e+00]
[-145.33845131   81.22026459   81.27522452]

[1.1046708 0.7       0.03275  ]
[-1.03323000e+00  6.32670906e-17  0.00000000e+00]
[-145.33845131   81.96911955   81.11047643]

[1.09950465 0.7        0.03275   ]
[-1.02342000e+00  6.26664014e-17  0.00000000e+00]
[-145.33845131   82.71797451   80.94572834]

[1.09438755 0.7        0.03275   ]
[-1.01361000e+00  6.20657121e-17  0.00000000e+00]
[-145.33845131   83.46682948   80.78098025]

[1.0893195 0.7       0.03275  ]
[-1.00380000e+00  6.14650228e-17  0.00000000e+00]
[-145.33845131   84.21568444   80.61623215]

[1.0843005 0.7       0.03275  ]
[-9.93990000e-01  6.08643336e-17  0.00000000e+00]
[-145.33845131   84.9645394    80.45148406]

[1.07933055 0.7        0.03275   ]
[-9.84180000e-01  6.02636443e-17  0.00000000e+00]
[-145.33845131   85.71339436   80.28673597]

[1.07440965 0.7        0.03275   ]
[-9.74370000e-01  5.96629551e-17  0.00000000e+00]
[-145.33845131   86.46224932   80.12198788]

[1.0695378 0.7       0.03275  ]
[-9.64560000e-01  5.90622658e-17  0.00000000e+00]
[-145.33845131   87.21110428   79.95723979]

[1.064715 0.7      0.03275 ]
[-9.54750000e-01  5.84615766e-17  0.00000000e+00]
[-145.33845131   87.95995925   79.7924917 ]

[1.05994125 0.7        0.03275   ]
[-9.44940000e-01  5.78608873e-17  0.00000000e+00]
[-145.33845131   88.70881421   79.6277436 ]

[1.05521655 0.7        0.03275   ]
[-9.35130000e-01  5.72601981e-17  0.00000000e+00]
[-145.33845131   89.45766917   79.46299551]

[1.0505409 0.7       0.03275  ]
[-9.25320000e-01  5.66595088e-17  0.00000000e+00]
[-145.33845131   90.20652413   79.29824742]

[1.0459143 0.7       0.03275  ]
[-9.15510000e-01  5.60588196e-17  0.00000000e+00]
[-145.33845131   90.95537909   79.13349933]

[1.04133675 0.7        0.03275   ]
[-9.05700000e-01  5.54581303e-17  0.00000000e+00]
[-145.33845131   91.70423406   78.96875124]

[1.03680825 0.7        0.03275   ]
[-8.9589000e-01  5.4857441e-17  0.0000000e+00]
[-145.33845131   92.45308902   78.80400315]

[1.0323288 0.7       0.03275  ]
[-8.86080000e-01  5.42567518e-17  0.00000000e+00]
[-145.33845131   93.20194398   78.63925506]

[1.0278984 0.7       0.03275  ]
[-8.76270000e-01  5.36560625e-17  0.00000000e+00]
[-145.33845131   93.95079894   78.47450696]

[1.02351705 0.7        0.03275   ]
[-8.66460000e-01  5.30553733e-17  0.00000000e+00]
[-145.33845131   94.6996539    78.30975887]

[1.01918475 0.7        0.03275   ]
[-8.5665000e-01  5.2454684e-17  0.0000000e+00]
[-145.33845131   95.44850886   78.14501078]

[1.0149015 0.7       0.03275  ]
[-8.46840000e-01  5.18539948e-17  0.00000000e+00]
[-145.33845131   96.19736383   77.98026269]

[1.0106673 0.7       0.03275  ]
[-8.37030000e-01  5.12533055e-17  0.00000000e+00]
[-145.33845131   96.94621879   77.8155146 ]

[1.00648215 0.7        0.03275   ]
[-8.27220000e-01  5.06526163e-17  0.00000000e+00]
[-145.33845131   97.69507375   77.65076651]

[1.00234605 0.7        0.03275   ]
[-8.1741000e-01  5.0051927e-17  0.0000000e+00]
[-145.33845131   98.44392871   77.48601841]

[0.998259 0.7      0.03275 ]
[-8.07600000e-01  4.94512377e-17  0.00000000e+00]
[-145.33845131   99.19278367   77.32127032]

[0.994221 0.7      0.03275 ]
[-7.97790000e-01  4.88505485e-17  0.00000000e+00]
[-145.33845131   99.94163864   77.15652223]

[0.99023205 0.7        0.03275   ]
[-7.87980000e-01  4.82498592e-17  0.00000000e+00]
[-145.33845131  100.6904936    76.99177414]

[0.98629215 0.7        0.03275   ]
[-7.781700e-01  4.764917e-17  0.000000e+00]
[-145.33845131  101.43934856   76.82702605]

[0.9824013 0.7       0.03275  ]
[-7.68360000e-01  4.70484807e-17  0.00000000e+00]
[-145.33845131  102.18820352   76.66227796]

[0.9785595 0.7       0.03275  ]
[-7.58550000e-01  4.64477915e-17  0.00000000e+00]
[-145.33845131  102.93705848   76.49752986]

[0.97476675 0.7        0.03275   ]
[-7.48740000e-01  4.58471022e-17  0.00000000e+00]
[-145.33845131  103.68591344   76.33278177]

[0.97102305 0.7        0.03275   ]
[-7.3893000e-01  4.5246413e-17  0.0000000e+00]
[-145.33845131  104.43476841   76.16803368]

[0.9673284 0.7       0.03275  ]
[-7.29120000e-01  4.46457237e-17  0.00000000e+00]
[-145.33845131  105.18362337   76.00328559]

[0.9636828 0.7       0.03275  ]
[-7.19310000e-01  4.40450345e-17  0.00000000e+00]
[-145.33845131  105.93247833   75.8385375 ]

[0.96008625 0.7        0.03275   ]
[-7.09500000e-01  4.34443452e-17  0.00000000e+00]
[-145.33845131  106.68133329   75.67378941]

[0.95653875 0.7        0.03275   ]
[-6.99690000e-01  4.28436559e-17  0.00000000e+00]
[-145.33845131  107.43018825   75.50904131]

[0.9530403 0.7       0.03275  ]
[-6.89880000e-01  4.22429667e-17  0.00000000e+00]
[-145.33845131  108.17904322   75.34429322]

[0.9495909 0.7       0.03275  ]
[-6.80070000e-01  4.16422774e-17  0.00000000e+00]
[-145.33845131  108.92789818   75.17954513]

[0.94619055 0.7        0.03275   ]
[-6.70260000e-01  4.10415882e-17  0.00000000e+00]
[-145.33845131  109.67675314   75.01479704]

[0.94283925 0.7        0.03275   ]
[-6.60450000e-01  4.04408989e-17  0.00000000e+00]
[-145.33845131  110.4256081    74.85004895]

[0.939537 0.7      0.03275 ]
[-6.50640000e-01  3.98402097e-17  0.00000000e+00]
[-145.33845131  111.17446306   74.68530086]

[0.9362838 0.7       0.03275  ]
[-6.40830000e-01  3.92395204e-17  0.00000000e+00]
[-145.33845131  111.92331802   74.52055276]

[0.93307965 0.7        0.03275   ]
[-6.31020000e-01  3.86388312e-17  0.00000000e+00]
[-145.33845131  112.67217299   74.35580467]

[0.92992455 0.7        0.03275   ]
[-6.21210000e-01  3.80381419e-17  0.00000000e+00]
[-145.33845131  113.42102795   74.19105658]

[0.9268185 0.7       0.03275  ]
[-6.11400000e-01  3.74374526e-17  0.00000000e+00]
[-145.33845131  114.16988291   74.02630849]

[0.9237615 0.7       0.03275  ]
[-6.01590000e-01  3.68367634e-17  0.00000000e+00]
[-145.33845131  114.91873787   73.8615604 ]

[0.92075355 0.7        0.03275   ]
[-5.91780000e-01  3.62360741e-17  0.00000000e+00]
[-145.33845131  115.66759283   73.69681231]

[0.91779465 0.7        0.03275   ]
[-5.81970000e-01  3.56353849e-17  0.00000000e+00]
[-145.33845131  116.4164478    73.53206422]

[0.9148848 0.7       0.03275  ]
[-5.72160000e-01  3.50346956e-17  0.00000000e+00]
[-145.33845131  117.16530276   73.36731612]

[0.912024 0.7      0.03275 ]
[-5.62350000e-01  3.44340064e-17  0.00000000e+00]
[-145.33845131  117.91415772   73.20256803]

[0.90921225 0.7        0.03275   ]
[-5.52540000e-01  3.38333171e-17  0.00000000e+00]
[-145.33845131  118.66301268   73.03781994]

[0.90644955 0.7        0.03275   ]
[-5.42730000e-01  3.32326279e-17  0.00000000e+00]
[-145.33845131  119.41186764   72.87307185]

[0.9037359 0.7       0.03275  ]
[-5.32920000e-01  3.26319386e-17  0.00000000e+00]
[-145.33845131  120.16072261   72.70832376]

[0.9010713 0.7       0.03275  ]
[-5.23110000e-01  3.20312494e-17  0.00000000e+00]
[-145.33845131  120.90957757   72.54357567]

[0.89845575 0.7        0.03275   ]
[-5.13300000e-01  3.14305601e-17  0.00000000e+00]
[-145.33845131  121.65843253   72.37882757]

[0.89588925 0.7        0.03275   ]
[-5.03490000e-01  3.08298708e-17  0.00000000e+00]
[-145.33845131  122.40728749   72.21407948]

[0.8933718 0.7       0.03275  ]
[-4.93680000e-01  3.02291816e-17  0.00000000e+00]
[-145.33845131  123.15614245   72.04933139]

[0.8909034 0.7       0.03275  ]
[-4.83870000e-01  2.96284923e-17  0.00000000e+00]
[-145.33845131  123.90499741   71.8845833 ]

[0.88848405 0.7        0.03275   ]
[-4.74060000e-01  2.90278031e-17  0.00000000e+00]
[-145.33845131  124.65385238   71.71983521]

[0.88611375 0.7        0.03275   ]
[-4.64250000e-01  2.84271138e-17  0.00000000e+00]
[-145.33845131  125.40270734   71.55508712]

[0.8837925 0.7       0.03275  ]
[-4.54440000e-01  2.78264246e-17  0.00000000e+00]
[-145.33845131  126.1515623    71.39033902]

[0.8815203 0.7       0.03275  ]
[-4.44630000e-01  2.72257353e-17  0.00000000e+00]
[-145.33845131  126.90041726   71.22559093]

[0.87929715 0.7        0.03275   ]
[-4.34820000e-01  2.66250461e-17  0.00000000e+00]
[-145.33845131  127.64927222   71.06084284]

[0.87712305 0.7        0.03275   ]
[-4.25010000e-01  2.60243568e-17  0.00000000e+00]
[-145.33845131  128.39812719   70.89609475]

[0.874998 0.7      0.03275 ]
[-4.15200000e-01  2.54236676e-17  0.00000000e+00]
[-145.33845131  129.14698215   70.73134666]

[0.872922 0.7      0.03275 ]
[-4.05390000e-01  2.48229783e-17  0.00000000e+00]
[-145.33845131  129.89583711   70.56659857]

[0.87089505 0.7        0.03275   ]
[-3.9558000e-01  2.4222289e-17  0.0000000e+00]
[-145.33845131  130.64469207   70.40185047]

[0.86891715 0.7        0.03275   ]
[-3.85770000e-01  2.36215998e-17  0.00000000e+00]
[-145.33845131  131.39354703   70.23710238]

[0.8669883 0.7       0.03275  ]
[-3.75960000e-01  2.30209105e-17  0.00000000e+00]
[-145.33845131  132.14240199   70.07235429]

[0.8651085 0.7       0.03275  ]
[-3.66150000e-01  2.24202213e-17  0.00000000e+00]
[-145.33845131  132.89125696   69.9076062 ]

[0.86327775 0.7        0.03275   ]
[-3.5634000e-01  2.1819532e-17  0.0000000e+00]
[-145.33845131  133.64011192   69.74285811]

[0.86149605 0.7        0.03275   ]
[-3.46530000e-01  2.12188428e-17  0.00000000e+00]
[-145.33845131  134.38896688   69.57811002]

[0.8597634 0.7       0.03275  ]
[-3.36720000e-01  2.06181535e-17  0.00000000e+00]
[-145.33845131  135.13782184   69.41336193]

[0.8580798 0.7       0.03275  ]
[-3.26910000e-01  2.00174643e-17  0.00000000e+00]
[-145.33845131  135.8866768    69.24861383]

[0.85644525 0.7        0.03275   ]
[-3.1710000e-01  1.9416775e-17  0.0000000e+00]
[-145.33845131  136.63553177   69.08386574]

[0.85485975 0.7        0.03275   ]
[-3.07290000e-01  1.88160857e-17  0.00000000e+00]
[-145.33845131  137.38438673   68.91911765]

[0.8533233 0.7       0.03275  ]
[-2.97480000e-01  1.82153965e-17  0.00000000e+00]
[-145.33845131  138.13324169   68.75436956]

[0.8518359 0.7       0.03275  ]
[-2.87670000e-01  1.76147072e-17  0.00000000e+00]
[-145.33845131  138.88209665   68.58962147]

[0.85039755 0.7        0.03275   ]
[-2.7786000e-01  1.7014018e-17  0.0000000e+00]
[-145.33845131  139.63095161   68.42487338]

[0.84900825 0.7        0.03275   ]
[-2.68050000e-01  1.64133287e-17  0.00000000e+00]
[-145.33845131  140.37980657   68.26012528]

[0.847668 0.7      0.03275 ]
[-2.58240000e-01  1.58126395e-17  0.00000000e+00]
[-145.33845131  141.12866154   68.09537719]

[0.8463768 0.7       0.03275  ]
[-2.48430000e-01  1.52119502e-17  0.00000000e+00]
[-145.33845131  141.8775165    67.9306291 ]

[0.84513465 0.7        0.03275   ]
[-2.3862000e-01  1.4611261e-17  0.0000000e+00]
[-145.33845131  142.62637146   67.76588101]

[0.84394155 0.7        0.03275   ]
[-2.28810000e-01  1.40105717e-17  0.00000000e+00]
[-145.33845131  143.37522642   67.60113292]

[0.8427975 0.7       0.03275  ]
[-2.19000000e-01  1.34098825e-17  0.00000000e+00]
[-145.33845131  144.12408138   67.43638483]

[0.8417025 0.7       0.03275  ]
[-2.09190000e-01  1.28091932e-17  0.00000000e+00]
[-145.33845131  144.87293635   67.27163673]

[0.84065655 0.7        0.03275   ]
[-1.99380000e-01  1.22085039e-17  0.00000000e+00]
[-145.33845131  145.62179131   67.10688864]

[0.83965965 0.7        0.03275   ]
[-1.89570000e-01  1.16078147e-17  0.00000000e+00]
[-145.33845131  146.37064627   66.94214055]

[0.8387118 0.7       0.03275  ]
[-1.79760000e-01  1.10071254e-17  0.00000000e+00]
[-145.33845131  147.11950123   66.77739246]

[0.837813 0.7      0.03275 ]
[-1.69950000e-01  1.04064362e-17  0.00000000e+00]
[-145.33845131  147.86835619   66.61264437]

[0.83696325 0.7        0.03275   ]
[-1.60140000e-01  9.80574692e-18  0.00000000e+00]
[-145.33845131  148.61721115   66.44789628]

[0.83616255 0.7        0.03275   ]
[-1.50330000e-01  9.20505767e-18  0.00000000e+00]
[-145.33845131  149.36606612   66.28314818]

[0.8354109 0.7       0.03275  ]
[-1.40520000e-01  8.60436841e-18  0.00000000e+00]
[-145.33845131  150.11492108   66.11840009]

[0.8347083 0.7       0.03275  ]
[-1.30710000e-01  8.00367916e-18  0.00000000e+00]
[-145.33845131  150.86377604   65.953652  ]

[0.83405475 0.7        0.03275   ]
[-1.2090000e-01  7.4029899e-18  0.0000000e+00]
[-145.33845131  151.612631     65.78890391]

[0.83345025 0.7        0.03275   ]
[-1.11090000e-01  6.80230065e-18  0.00000000e+00]
[-145.33845131  152.36148596   65.62415582]

[0.8328948 0.7       0.03275  ]
[-1.01280000e-01  6.20161139e-18  0.00000000e+00]
[-145.33845131  153.11034093   65.45940773]

[0.8323884 0.7       0.03275  ]
[-9.14700000e-02  5.60092214e-18  0.00000000e+00]
[-145.33845131  153.85919589   65.29465964]

[0.83193105 0.7        0.03275   ]
[-8.16600000e-02  5.00023288e-18  0.00000000e+00]
[-145.33845131  154.60805085   65.12991154]

[0.83152275 0.7        0.03275   ]
[-7.18500000e-02  4.39954363e-18  0.00000000e+00]
[-145.33845131  155.35690581   64.96516345]

[0.8311635 0.7       0.03275  ]
[-6.20400000e-02  3.79885437e-18  0.00000000e+00]
[-145.33845131  156.10576077   64.80041536]

[0.8308533 0.7       0.03275  ]
[-5.22300000e-02  3.19816512e-18  0.00000000e+00]
[-145.33845131  156.85461573   64.63566727]

[0.83059215 0.7        0.03275   ]
[-4.24200000e-02  2.59747586e-18  0.00000000e+00]
[-145.33845131  157.6034707    64.47091918]

[0.83038005 0.7        0.03275   ]
[-3.26100000e-02  1.99678661e-18  0.00000000e+00]
[-145.33845131  158.35232566   64.30617109]

[0.830217 0.7      0.03275 ]
[-2.28000000e-02  1.39609735e-18  0.00000000e+00]
[-145.33845131  159.10118062   64.14142299]

[0.830103 0.7      0.03275 ]
[-1.29900000e-02  7.95408096e-19  0.00000000e+00]
[-145.33845131  159.85003558   63.9766749 ]

[0.83003805 0.7        0.03275   ]
[-3.18000000e-03  1.94718841e-19  0.00000000e+00]
[-145.33845131  160.59889054   63.81192681]

[0.83002215 0.7        0.03275   ]
[ 6.63000000e-03 -4.05970414e-19  0.00000000e+00]
[-145.33845131  161.34774551   63.64717872]

[0.8300553 0.7       0.03275  ]
[-3.18000000e-03  1.94718841e-19  0.00000000e+00]
[-145.33845131  160.59889054   63.48243063]

[0.8300394 0.7       0.03275  ]
[ 6.63000000e-03 -4.05970414e-19  0.00000000e+00]
[-145.33845131  161.34774551   63.31768254]

[0.83007255 0.7        0.03275   ]
[-3.18000000e-03  1.94718841e-19  0.00000000e+00]
[-145.33845131  160.59889054   63.15293444]

[0.83005665 0.7        0.03275   ]
[ 6.63000000e-03 -4.05970414e-19  0.00000000e+00]
[-145.33845131  161.34774551   62.98818635]

[0.8300898 0.7       0.03275  ]
[-3.18000000e-03  1.94718841e-19  0.00000000e+00]
[-145.33845131  160.59889054   62.82343826]

[0.8300739 0.7       0.03275  ]
[ 6.63000000e-03 -4.05970414e-19  0.00000000e+00]
[-145.33845131  161.34774551   62.65869017]

[0.83010705 0.7        0.03275   ]
[-3.18000000e-03  1.94718841e-19  0.00000000e+00]
[-145.33845131  160.59889054   62.49394208]

[0.83009115 0.7        0.03275   ]
[ 6.63000000e-03 -4.05970414e-19  0.00000000e+00]
[-145.33845131  161.34774551   62.32919399]

[0.8301243 0.7       0.03275  ]
[-3.18000000e-03  1.94718841e-19  0.00000000e+00]
[-145.33845131  160.59889054   62.16444589]

[0.8301084 0.7       0.03275  ]
[ 6.63000000e-03 -4.05970414e-19  0.00000000e+00]
[-145.33845131  161.34774551   61.9996978 ]

[0.83014155 0.7        0.03275   ]
[-3.18000000e-03  1.94718841e-19  0.00000000e+00]
[-145.33845131  160.59889054   61.83494971]

[0.83012565 0.7        0.03275   ]
[ 6.63000000e-03 -4.05970414e-19  0.00000000e+00]
[-145.33845131  161.34774551   61.67020162]

[0.8301588 0.7       0.03275  ]
[-3.18000000e-03  1.94718841e-19  0.00000000e+00]
[-145.33845131  160.59889054   61.50545353]

[0.8301429 0.7       0.03275  ]
[ 6.63000000e-03 -4.05970414e-19  0.00000000e+00]
[-145.33845131  161.34774551   61.34070544]

[0.83017605 0.7        0.03275   ]
[-3.18000000e-03  1.94718841e-19  0.00000000e+00]
[-145.33845131  160.59889054   61.17595735]

[0.83016015 0.7        0.03275   ]
[ 6.63000000e-03 -4.05970414e-19  0.00000000e+00]
[-145.33845131  161.34774551   61.01120925]

[0.8301933 0.7       0.03275  ]
[-3.18000000e-03  1.94718841e-19  0.00000000e+00]
[-145.33845131  160.59889054   60.84646116]

[0.8301774 0.7       0.03275  ]
[ 6.63000000e-03 -4.05970414e-19  0.00000000e+00]
[-145.33845131  161.34774551   60.68171307]

[0.83021055 0.7        0.03275   ]
[-3.18000000e-03  1.94718841e-19  0.00000000e+00]
[-145.33845131  160.59889054   60.51696498]

[0.83019465 0.7        0.03275   ]
[ 6.63000000e-03 -4.05970414e-19  0.00000000e+00]
[-145.33845131  161.34774551   60.35221689]

[0.8302278 0.7       0.03275  ]
[-3.18000000e-03  1.94718841e-19  0.00000000e+00]
[-145.33845131  160.59889054   60.1874688 ]

[0.8302119 0.7       0.03275  ]
[ 6.63000000e-03 -4.05970414e-19  0.00000000e+00]
[-145.33845131  161.34774551   60.0227207 ]

[0.83024505 0.7        0.03275   ]
[-3.18000000e-03  1.94718841e-19  0.00000000e+00]
[-145.33845131  160.59889054   59.85797261]

[0.83022915 0.7        0.03275   ]
[ 6.63000000e-03 -4.05970414e-19  0.00000000e+00]
[-145.33845131  161.34774551   59.69322452]

[0.8302623 0.7       0.03275  ]
[-3.18000000e-03  1.94718841e-19  0.00000000e+00]
[-145.33845131  160.59889054   59.52847643]

[0.8302464 0.7       0.03275  ]
[ 6.63000000e-03 -4.05970414e-19  0.00000000e+00]
[-145.33845131  161.34774551   59.36372834]

[0.83027955 0.7        0.03275   ]
[-3.18000000e-03  1.94718841e-19  0.00000000e+00]
[-145.33845131  160.59889054   59.19898025]

[0.83026365 0.7        0.03275   ]
[ 6.63000000e-03 -4.05970414e-19  0.00000000e+00]
[-145.33845131  161.34774551   59.03423215]

[0.8302968 0.7       0.03275  ]
[-3.18000000e-03  1.94718841e-19  0.00000000e+00]
[-145.33845131  160.59889054   58.86948406]

[0.8302809 0.7       0.03275  ]
[ 6.63000000e-03 -4.05970414e-19  0.00000000e+00]
[-145.33845131  161.34774551   58.70473597]

[0.83031405 0.7        0.03275   ]
[-3.18000000e-03  1.94718841e-19  0.00000000e+00]
[-145.33845131  160.59889054   58.53998788]

[0.83029815 0.7        0.03275   ]
[ 6.63000000e-03 -4.05970414e-19  0.00000000e+00]
[-145.33845131  161.34774551   58.37523979]

[0.8303313 0.7       0.03275  ]
[-3.18000000e-03  1.94718841e-19  0.00000000e+00]
[-145.33845131  160.59889054   58.2104917 ]

[0.8303154 0.7       0.03275  ]
[ 6.63000000e-03 -4.05970414e-19  0.00000000e+00]
[-145.33845131  161.34774551   58.0457436 ]

[0.83034855 0.7        0.03275   ]
[-3.18000000e-03  1.94718841e-19  0.00000000e+00]
[-145.33845131  160.59889054   57.88099551]

[0.83033265 0.7        0.03275   ]
[ 6.63000000e-03 -4.05970414e-19  0.00000000e+00]
[-145.33845131  161.34774551   57.71624742]

[0.8303658 0.7       0.03275  ]
[-3.18000000e-03  1.94718841e-19  0.00000000e+00]
[-145.33845131  160.59889054   57.55149933]

[0.8303499 0.7       0.03275  ]
[ 6.63000000e-03 -4.05970414e-19  0.00000000e+00]
[-145.33845131  161.34774551   57.38675124]

[0.83038305 0.7        0.03275   ]
[-3.18000000e-03  1.94718841e-19  0.00000000e+00]
[-145.33845131  160.59889054   57.22200315]

[0.83036715 0.7        0.03275   ]
[ 6.63000000e-03 -4.05970414e-19  0.00000000e+00]
[-145.33845131  161.34774551   57.05725506]

[0.8304003 0.7       0.03275  ]
[-3.18000000e-03  1.94718841e-19  0.00000000e+00]
[-145.33845131  160.59889054   56.89250696]

[0.8303844 0.7       0.03275  ]
[ 6.63000000e-03 -4.05970414e-19  0.00000000e+00]
[-145.33845131  161.34774551   56.72775887]

[0.83041755 0.7        0.03275   ]
[-3.18000000e-03  1.94718841e-19  0.00000000e+00]
[-145.33845131  160.59889054   56.56301078]

[0.83040165 0.7        0.03275   ]
[ 6.63000000e-03 -4.05970414e-19  0.00000000e+00]
[-145.33845131  161.34774551   56.39826269]

[0.8304348 0.7       0.03275  ]
[-3.18000000e-03  1.94718841e-19  0.00000000e+00]
[-145.33845131  160.59889054   56.2335146 ]

[0.8304189 0.7       0.03275  ]
[ 6.63000000e-03 -4.05970414e-19  0.00000000e+00]
[-145.33845131  161.34774551   56.06876651]

[0.83045205 0.7        0.03275   ]
[-3.18000000e-03  1.94718841e-19  0.00000000e+00]
[-145.33845131  160.59889054   55.90401841]

[0.83043615 0.7        0.03275   ]
[ 6.63000000e-03 -4.05970414e-19  0.00000000e+00]
[-145.33845131  161.34774551   55.73927032]

[0.8304693 0.7       0.03275  ]
[-3.18000000e-03  1.94718841e-19  0.00000000e+00]
[-145.33845131  160.59889054   55.57452223]

[0.8304534 0.7       0.03275  ]
[ 6.63000000e-03 -4.05970414e-19  0.00000000e+00]
[-145.33845131  161.34774551   55.40977414]

[0.83048655 0.7        0.03275   ]
[-3.18000000e-03  1.94718841e-19  0.00000000e+00]
[-145.33845131  160.59889054   55.24502605]

[0.83047065 0.7        0.03275   ]
[ 6.63000000e-03 -4.05970414e-19  0.00000000e+00]
[-145.33845131  161.34774551   55.08027796]

[0.8305038 0.7       0.03275  ]
[-3.18000000e-03  1.94718841e-19  0.00000000e+00]
[-145.33845131  160.59889054   54.91552986]

[0.8304879 0.7       0.03275  ]
[ 6.63000000e-03 -4.05970414e-19  0.00000000e+00]
[-145.33845131  161.34774551   54.75078177]

[0.83052105 0.7        0.03275   ]
[-3.18000000e-03  1.94718841e-19  0.00000000e+00]
[-145.33845131  160.59889054   54.58603368]

[0.83050515 0.7        0.03275   ]
[ 6.63000000e-03 -4.05970414e-19  0.00000000e+00]
[-145.33845131  161.34774551   54.42128559]

[0.8305383 0.7       0.03275  ]
[-3.18000000e-03  1.94718841e-19  0.00000000e+00]
[-145.33845131  160.59889054   54.2565375 ]

[0.8305224 0.7       0.03275  ]
[ 6.63000000e-03 -4.05970414e-19  0.00000000e+00]
[-145.33845131  161.34774551   54.09178941]

[0.83055555 0.7        0.03275   ]
[-3.18000000e-03  1.94718841e-19  0.00000000e+00]
[-145.33845131  160.59889054   53.92704131]

[0.83053965 0.7        0.03275   ]
[ 6.63000000e-03 -4.05970414e-19  0.00000000e+00]
[-145.33845131  161.34774551   53.76229322]

[0.8305728 0.7       0.03275  ]
[-3.18000000e-03  1.94718841e-19  0.00000000e+00]
[-145.33845131  160.59889054   53.59754513]

[0.8305569 0.7       0.03275  ]
[ 6.63000000e-03 -4.05970414e-19  0.00000000e+00]
[-145.33845131  161.34774551   53.43279704]

[0.83059005 0.7        0.03275   ]
[-3.18000000e-03  1.94718841e-19  0.00000000e+00]
[-145.33845131  160.59889054   53.26804895]

[0.83057415 0.7        0.03275   ]
[ 6.63000000e-03 -4.05970414e-19  0.00000000e+00]
[-145.33845131  161.34774551   53.10330086]

[0.8306073 0.7       0.03275  ]
[-3.18000000e-03  1.94718841e-19  0.00000000e+00]
[-145.33845131  160.59889054   52.93855276]

[0.8305914 0.7       0.03275  ]
[ 6.63000000e-03 -4.05970414e-19  0.00000000e+00]
[-145.33845131  161.34774551   52.77380467]

[0.83062455 0.7        0.03275   ]
[-3.18000000e-03  1.94718841e-19  0.00000000e+00]
[-145.33845131  160.59889054   52.60905658]

[0.83060865 0.7        0.03275   ]
[ 6.63000000e-03 -4.05970414e-19  0.00000000e+00]
[-145.33845131  161.34774551   52.44430849]

[0.8306418 0.7       0.03275  ]
[-3.18000000e-03  1.94718841e-19  0.00000000e+00]
[-145.33845131  160.59889054   52.2795604 ]

[0.8306259 0.7       0.03275  ]
[ 6.63000000e-03 -4.05970414e-19  0.00000000e+00]
[-145.33845131  161.34774551   52.11481231]

[0.83065905 0.7        0.03275   ]
[-3.18000000e-03  1.94718841e-19  0.00000000e+00]
[-145.33845131  160.59889054   51.95006422]

[0.83064315 0.7        0.03275   ]
[ 6.63000000e-03 -4.05970414e-19  0.00000000e+00]
[-145.33845131  161.34774551   51.78531612]

[0.8306763 0.7       0.03275  ]
[-3.18000000e-03  1.94718841e-19  0.00000000e+00]
[-145.33845131  160.59889054   51.62056803]

[0.8306604 0.7       0.03275  ]
[ 6.63000000e-03 -4.05970414e-19  0.00000000e+00]
[-145.33845131  161.34774551   51.45581994]

[0.83069355 0.7        0.03275   ]
[-3.18000000e-03  1.94718841e-19  0.00000000e+00]
[-145.33845131  160.59889054   51.29107185]

