[1.2     0.7     0.03275]
[ 7.41640786e-01 -4.54124008e-17  0.00000000e+00]
[-159.60857566   69.88889585  -51.85996992]

[1.2037082 0.7       0.03275  ]
[ 7.31830786e-01 -4.48117115e-17  0.00000000e+00]
[-159.60857566   69.14004089  -52.02471801]

[1.20736736 0.7        0.03275   ]
[ 7.22020786e-01 -4.42110223e-17  0.00000000e+00]
[-159.60857566   68.39118593  -52.1894661 ]

[1.21097746 0.7        0.03275   ]
[ 7.12210786e-01 -4.36103330e-17  0.00000000e+00]
[-159.60857566   67.64233096  -52.35421419]

[1.21453852 0.7        0.03275   ]
[ 7.02400786e-01 -4.30096437e-17  0.00000000e+00]
[-159.60857566   66.893476    -52.51896229]

[1.21805052 0.7        0.03275   ]
[ 6.92590786e-01 -4.24089545e-17  0.00000000e+00]
[-159.60857566   66.14462104  -52.68371038]

[1.22151347 0.7        0.03275   ]
[ 6.82780786e-01 -4.18082652e-17  0.00000000e+00]
[-159.60857566   65.39576608  -52.84845847]

[1.22492738 0.7        0.03275   ]
[ 6.72970786e-01 -4.12075760e-17  0.00000000e+00]
[-159.60857566   64.64691112  -53.01320656]

[1.22829223 0.7        0.03275   ]
[ 6.63160786e-01 -4.06068867e-17  0.00000000e+00]
[-159.60857566   63.89805616  -53.17795465]

[1.23160804 0.7        0.03275   ]
[ 6.53350786e-01 -4.00061975e-17  0.00000000e+00]
[-159.60857566   63.14920119  -53.34270274]

[1.23487479 0.7        0.03275   ]
[ 6.43540786e-01 -3.94055082e-17  0.00000000e+00]
[-159.60857566   62.40034623  -53.50745084]

[1.23809249 0.7        0.03275   ]
[ 6.33730786e-01 -3.88048190e-17  0.00000000e+00]
[-159.60857566   61.65149127  -53.67219893]

[1.24126115 0.7        0.03275   ]
[ 6.23920786e-01 -3.82041297e-17  0.00000000e+00]
[-159.60857566   60.90263631  -53.83694702]

[1.24438075 0.7        0.03275   ]
[ 6.14110786e-01 -3.76034405e-17  0.00000000e+00]
[-159.60857566   60.15378135  -54.00169511]

[1.24745131 0.7        0.03275   ]
[ 6.04300786e-01 -3.70027512e-17  0.00000000e+00]
[-159.60857566   59.40492638  -54.1664432 ]

[1.25047281 0.7        0.03275   ]
[ 5.94490786e-01 -3.64020619e-17  0.00000000e+00]
[-159.60857566   58.65607142  -54.33119129]

[1.25344526 0.7        0.03275   ]
[ 5.84680786e-01 -3.58013727e-17  0.00000000e+00]
[-159.60857566   57.90721646  -54.49593939]

[1.25636867 0.7        0.03275   ]
[ 5.74870786e-01 -3.52006834e-17  0.00000000e+00]
[-159.60857566   57.1583615   -54.66068748]

[1.25924302 0.7        0.03275   ]
[ 5.65060786e-01 -3.45999942e-17  0.00000000e+00]
[-159.60857566   56.40950654  -54.82543557]

[1.26206832 0.7        0.03275   ]
[ 5.55250786e-01 -3.39993049e-17  0.00000000e+00]
[-159.60857566   55.66065158  -54.99018366]

[1.26484458 0.7        0.03275   ]
[ 5.45440786e-01 -3.33986157e-17  0.00000000e+00]
[-159.60857566   54.91179661  -55.15493175]

[1.26757178 0.7        0.03275   ]
[ 5.35630786e-01 -3.27979264e-17  0.00000000e+00]
[-159.60857566   54.16294165  -55.31967984]

[1.27024994 0.7        0.03275   ]
[ 5.25820786e-01 -3.21972372e-17  0.00000000e+00]
[-159.60857566   53.41408669  -55.48442794]

[1.27287904 0.7        0.03275   ]
[ 5.16010786e-01 -3.15965479e-17  0.00000000e+00]
[-159.60857566   52.66523173  -55.64917603]

[1.27545909 0.7        0.03275   ]
[ 5.06200786e-01 -3.09958586e-17  0.00000000e+00]
[-159.60857566   51.91637677  -55.81392412]

[1.2779901 0.7       0.03275  ]
[ 4.96390786e-01 -3.03951694e-17  0.00000000e+00]
[-159.60857566   51.1675218   -55.97867221]

[1.28047205 0.7        0.03275   ]
[ 4.86580786e-01 -2.97944801e-17  0.00000000e+00]
[-159.60857566   50.41866684  -56.1434203 ]

[1.28290496 0.7        0.03275   ]
[ 4.76770786e-01 -2.91937909e-17  0.00000000e+00]
[-159.60857566   49.66981188  -56.30816839]

[1.28528881 0.7        0.03275   ]
[ 4.66960786e-01 -2.85931016e-17  0.00000000e+00]
[-159.60857566   48.92095692  -56.47291649]

[1.28762361 0.7        0.03275   ]
[ 4.57150786e-01 -2.79924124e-17  0.00000000e+00]
[-159.60857566   48.17210196  -56.63766458]

[1.28990937 0.7        0.03275   ]
[ 4.47340786e-01 -2.73917231e-17  0.00000000e+00]
[-159.60857566   47.423247    -56.80241267]

[1.29214607 0.7        0.03275   ]
[ 4.37530786e-01 -2.67910339e-17  0.00000000e+00]
[-159.60857566   46.67439203  -56.96716076]

[1.29433373 0.7        0.03275   ]
[ 4.27720786e-01 -2.61903446e-17  0.00000000e+00]
[-159.60857566   45.92553707  -57.13190885]

[1.29647233 0.7        0.03275   ]
[ 4.17910786e-01 -2.55896554e-17  0.00000000e+00]
[-159.60857566   45.17668211  -57.29665694]

[1.29856188 0.7        0.03275   ]
[ 4.08100786e-01 -2.49889661e-17  0.00000000e+00]
[-159.60857566   44.42782715  -57.46140503]

[1.30060239 0.7        0.03275   ]
[ 3.98290786e-01 -2.43882768e-17  0.00000000e+00]
[-159.60857566   43.67897219  -57.62615313]

[1.30259384 0.7        0.03275   ]
[ 3.88480786e-01 -2.37875876e-17  0.00000000e+00]
[-159.60857566   42.93011722  -57.79090122]

[1.30453625 0.7        0.03275   ]
[ 3.78670786e-01 -2.31868983e-17  0.00000000e+00]
[-159.60857566   42.18126226  -57.95564931]

[1.3064296 0.7       0.03275  ]
[ 3.68860786e-01 -2.25862091e-17  0.00000000e+00]
[-159.60857566   41.4324073   -58.1203974 ]

[1.3082739 0.7       0.03275  ]
[ 3.59050786e-01 -2.19855198e-17  0.00000000e+00]
[-159.60857566   40.68355234  -58.28514549]

[1.31006916 0.7        0.03275   ]
[ 3.49240786e-01 -2.13848306e-17  0.00000000e+00]
[-159.60857566   39.93469738  -58.44989358]

[1.31181536 0.7        0.03275   ]
[ 3.39430786e-01 -2.07841413e-17  0.00000000e+00]
[-159.60857566   39.18584242  -58.61464168]

[1.31351252 0.7        0.03275   ]
[ 3.29620786e-01 -2.01834521e-17  0.00000000e+00]
[-159.60857566   38.43698745  -58.77938977]

[1.31516062 0.7        0.03275   ]
[ 3.19810786e-01 -1.95827628e-17  0.00000000e+00]
[-159.60857566   37.68813249  -58.94413786]

[1.31675967 0.7        0.03275   ]
[ 3.10000786e-01 -1.89820735e-17  0.00000000e+00]
[-159.60857566   36.93927753  -59.10888595]

[1.31830968 0.7        0.03275   ]
[ 3.00190786e-01 -1.83813843e-17  0.00000000e+00]
[-159.60857566   36.19042257  -59.27363404]

[1.31981063 0.7        0.03275   ]
[ 2.90380786e-01 -1.77806950e-17  0.00000000e+00]
[-159.60857566   35.44156761  -59.43838213]

[1.32126253 0.7        0.03275   ]
[ 2.80570786e-01 -1.71800058e-17  0.00000000e+00]
[-159.60857566   34.69271264  -59.60313023]

[1.32266539 0.7        0.03275   ]
[ 2.70760786e-01 -1.65793165e-17  0.00000000e+00]
[-159.60857566   33.94385768  -59.76787832]

[1.32401919 0.7        0.03275   ]
[ 2.60950786e-01 -1.59786273e-17  0.00000000e+00]
[-159.60857566   33.19500272  -59.93262641]

[1.32532395 0.7        0.03275   ]
[ 2.51140786e-01 -1.53779380e-17  0.00000000e+00]
[-159.60857566   32.44614776  -60.0973745 ]

[1.32657965 0.7        0.03275   ]
[ 2.41330786e-01 -1.47772488e-17  0.00000000e+00]
[-159.60857566   31.6972928   -60.26212259]

[1.3277863 0.7       0.03275  ]
[ 2.31520786e-01 -1.41765595e-17  0.00000000e+00]
[-159.60857566   30.94843784  -60.42687068]

[1.32894391 0.7        0.03275   ]
[ 2.21710786e-01 -1.35758703e-17  0.00000000e+00]
[-159.60857566   30.19958287  -60.59161878]

[1.33005246 0.7        0.03275   ]
[ 2.11900786e-01 -1.29751810e-17  0.00000000e+00]
[-159.60857566   29.45072791  -60.75636687]

[1.33111197 0.7        0.03275   ]
[ 2.02090786e-01 -1.23744917e-17  0.00000000e+00]
[-159.60857566   28.70187295  -60.92111496]

[1.33212242 0.7        0.03275   ]
[ 1.92280786e-01 -1.17738025e-17  0.00000000e+00]
[-159.60857566   27.95301799  -61.08586305]

[1.33308382 0.7        0.03275   ]
[ 1.82470786e-01 -1.11731132e-17  0.00000000e+00]
[-159.60857566   27.20416303  -61.25061114]

[1.33399618 0.7        0.03275   ]
[ 1.72660786e-01 -1.05724240e-17  0.00000000e+00]
[-159.60857566   26.45530806  -61.41535923]

[1.33485948 0.7        0.03275   ]
[ 1.62850786e-01 -9.97173472e-18  0.00000000e+00]
[-159.60857566   25.7064531   -61.58010732]

[1.33567374 0.7        0.03275   ]
[ 1.53040786e-01 -9.37104547e-18  0.00000000e+00]
[-159.60857566   24.95759814  -61.74485542]

[1.33643894 0.7        0.03275   ]
[ 1.43230786e-01 -8.77035621e-18  0.00000000e+00]
[-159.60857566   24.20874318  -61.90960351]

[1.33715509 0.7        0.03275   ]
[ 1.33420786e-01 -8.16966696e-18  0.00000000e+00]
[-159.60857566   23.45988822  -62.0743516 ]

[1.3378222 0.7       0.03275  ]
[ 1.23610786e-01 -7.56897770e-18  0.00000000e+00]
[-159.60857566   22.71103325  -62.23909969]

[1.33844025 0.7        0.03275   ]
[ 1.13800786e-01 -6.96828845e-18  0.00000000e+00]
[-159.60857566   21.96217829  -62.40384778]

[1.33900926 0.7        0.03275   ]
[ 1.03990786e-01 -6.36759919e-18  0.00000000e+00]
[-159.60857566   21.21332333  -62.56859587]

[1.33952921 0.7        0.03275   ]
[ 9.41807865e-02 -5.76690994e-18  0.00000000e+00]
[-159.60857566   20.46446837  -62.73334397]

[1.34000011 0.7        0.03275   ]
[ 8.43707865e-02 -5.16622068e-18  0.00000000e+00]
[-159.60857566   19.71561341  -62.89809206]

[1.34042197 0.7        0.03275   ]
[ 7.45607865e-02 -4.56553143e-18  0.00000000e+00]
[-159.60857566   18.96675845  -63.06284015]

[1.34079477 0.7        0.03275   ]
[ 6.47507865e-02 -3.96484217e-18  0.00000000e+00]
[-159.60857566   18.21790348  -63.22758824]

[1.34111853 0.7        0.03275   ]
[ 5.49407865e-02 -3.36415292e-18  0.00000000e+00]
[-159.60857566   17.46904852  -63.39233633]

[1.34139323 0.7        0.03275   ]
[ 4.51307865e-02 -2.76346366e-18  0.00000000e+00]
[-159.60857566   16.72019356  -63.55708442]

[1.34161888 0.7        0.03275   ]
[ 3.53207865e-02 -2.16277441e-18  0.00000000e+00]
[-159.60857566   15.9713386   -63.72183252]

[1.34179549 0.7        0.03275   ]
[ 2.55107865e-02 -1.56208515e-18  0.00000000e+00]
[-159.60857566   15.22248364  -63.88658061]

[1.34192304 0.7        0.03275   ]
[ 1.57007865e-02 -9.61395897e-19  0.00000000e+00]
[-159.60857566   14.47362867  -64.0513287 ]

[1.34200154 0.7        0.03275   ]
[ 5.89078650e-03 -3.60706642e-19  0.00000000e+00]
[-159.60857566   13.72477371  -64.21607679]

[1.342031 0.7      0.03275 ]
[-3.91921350e-03  2.39982613e-19  0.00000000e+00]
[-159.60857566   12.97591875  -64.38082488]

[1.3420114 0.7       0.03275  ]
[ 5.89078650e-03 -3.60706642e-19  0.00000000e+00]
[-159.60857566   13.72477371  -64.54557297]

[1.34204086 0.7        0.03275   ]
[-3.91921350e-03  2.39982613e-19  0.00000000e+00]
[-159.60857566   12.97591875  -64.71032107]

[1.34202126 0.7        0.03275   ]
[ 5.89078650e-03 -3.60706642e-19  0.00000000e+00]
[-159.60857566   13.72477371  -64.87506916]

[1.34205071 0.7        0.03275   ]
[-3.91921350e-03  2.39982613e-19  0.00000000e+00]
[-159.60857566   12.97591875  -65.03981725]

[1.34203112 0.7        0.03275   ]
[ 5.89078650e-03 -3.60706642e-19  0.00000000e+00]
[-159.60857566   13.72477371  -65.20456534]

[1.34206057 0.7        0.03275   ]
[-3.91921350e-03  2.39982613e-19  0.00000000e+00]
[-159.60857566   12.97591875  -65.36931343]

[1.34204098 0.7        0.03275   ]
[ 5.89078650e-03 -3.60706642e-19  0.00000000e+00]
[-159.60857566   13.72477371  -65.53406152]

[1.34207043 0.7        0.03275   ]
[-3.91921350e-03  2.39982613e-19  0.00000000e+00]
[-159.60857566   12.97591875  -65.69880961]

[1.34205083 0.7        0.03275   ]
[ 5.89078650e-03 -3.60706642e-19  0.00000000e+00]
[-159.60857566   13.72477371  -65.86355771]

[1.34208029 0.7        0.03275   ]
[-3.91921350e-03  2.39982613e-19  0.00000000e+00]
[-159.60857566   12.97591875  -66.0283058 ]

[1.34206069 0.7        0.03275   ]
[ 5.89078650e-03 -3.60706642e-19  0.00000000e+00]
[-159.60857566   13.72477371  -66.19305389]

[1.34209015 0.7        0.03275   ]
[-3.91921350e-03  2.39982613e-19  0.00000000e+00]
[-159.60857566   12.97591875  -66.35780198]

[1.34207055 0.7        0.03275   ]
[ 5.89078650e-03 -3.60706642e-19  0.00000000e+00]
[-159.60857566   13.72477371  -66.52255007]

[1.3421  0.7     0.03275]
[-3.91921350e-03  2.39982613e-19  0.00000000e+00]
[-159.60857566   12.97591875  -66.68729816]

[1.34208041 0.7        0.03275   ]
[ 5.89078650e-03 -3.60706642e-19  0.00000000e+00]
[-159.60857566   13.72477371  -66.85204626]

[1.34210986 0.7        0.03275   ]
[-3.91921350e-03  2.39982613e-19  0.00000000e+00]
[-159.60857566   12.97591875  -67.01679435]

[1.34209027 0.7        0.03275   ]
[ 5.89078650e-03 -3.60706642e-19  0.00000000e+00]
[-159.60857566   13.72477371  -67.18154244]

[1.34211972 0.7        0.03275   ]
[-3.91921350e-03  2.39982613e-19  0.00000000e+00]
[-159.60857566   12.97591875  -67.34629053]

[1.34210012 0.7        0.03275   ]
[ 5.89078650e-03 -3.60706642e-19  0.00000000e+00]
[-159.60857566   13.72477371  -67.51103862]

[1.34212958 0.7        0.03275   ]
[-3.91921350e-03  2.39982613e-19  0.00000000e+00]
[-159.60857566   12.97591875  -67.67578671]

[1.34210998 0.7        0.03275   ]
[ 5.89078650e-03 -3.60706642e-19  0.00000000e+00]
[-159.60857566   13.72477371  -67.84053481]

[1.34213944 0.7        0.03275   ]
[-3.91921350e-03  2.39982613e-19  0.00000000e+00]
[-159.60857566   12.97591875  -68.0052829 ]

[1.34211984 0.7        0.03275   ]
[ 5.89078650e-03 -3.60706642e-19  0.00000000e+00]
[-159.60857566   13.72477371  -68.17003099]

[1.34214929 0.7        0.03275   ]
[-3.91921350e-03  2.39982613e-19  0.00000000e+00]
[-159.60857566   12.97591875  -68.33477908]

[1.3421297 0.7       0.03275  ]
[ 5.89078650e-03 -3.60706642e-19  0.00000000e+00]
[-159.60857566   13.72477371  -68.49952717]

[1.34215915 0.7        0.03275   ]
[-3.91921350e-03  2.39982613e-19  0.00000000e+00]
[-159.60857566   12.97591875  -68.66427526]

[1.34213956 0.7        0.03275   ]
[ 5.89078650e-03 -3.60706642e-19  0.00000000e+00]
[-159.60857566   13.72477371  -68.82902336]

[1.34216901 0.7        0.03275   ]
[-3.91921350e-03  2.39982613e-19  0.00000000e+00]
[-159.60857566   12.97591875  -68.99377145]

[1.34214941 0.7        0.03275   ]
[ 5.89078650e-03 -3.60706642e-19  0.00000000e+00]
[-159.60857566   13.72477371  -69.15851954]

[1.34217887 0.7        0.03275   ]
[-3.91921350e-03  2.39982613e-19  0.00000000e+00]
[-159.60857566   12.97591875  -69.32326763]

[1.34215927 0.7        0.03275   ]
[ 5.89078650e-03 -3.60706642e-19  0.00000000e+00]
[-159.60857566   13.72477371  -69.48801572]

[1.34218872 0.7        0.03275   ]
[-3.91921350e-03  2.39982613e-19  0.00000000e+00]
[-159.60857566   12.97591875  -69.65276381]

[1.34216913 0.7        0.03275   ]
[ 5.89078650e-03 -3.60706642e-19  0.00000000e+00]
[-159.60857566   13.72477371  -69.8175119 ]

[1.34219858 0.7        0.03275   ]
[-3.91921350e-03  2.39982613e-19  0.00000000e+00]
[-159.60857566   12.97591875  -69.98226   ]

[1.34217899 0.7        0.03275   ]
[ 5.89078650e-03 -3.60706642e-19  0.00000000e+00]
[-159.60857566   13.72477371  -70.14700809]

[1.34220844 0.7        0.03275   ]
[-3.91921350e-03  2.39982613e-19  0.00000000e+00]
[-159.60857566   12.97591875  -70.31175618]

[1.34218884 0.7        0.03275   ]
[ 5.89078650e-03 -3.60706642e-19  0.00000000e+00]
[-159.60857566   13.72477371  -70.47650427]

[1.3422183 0.7       0.03275  ]
[-3.91921350e-03  2.39982613e-19  0.00000000e+00]
[-159.60857566   12.97591875  -70.64125236]

[1.3421987 0.7       0.03275  ]
[ 5.89078650e-03 -3.60706642e-19  0.00000000e+00]
[-159.60857566   13.72477371  -70.80600045]

[1.34222816 0.7        0.03275   ]
[-3.91921350e-03  2.39982613e-19  0.00000000e+00]
[-159.60857566   12.97591875  -70.97074855]

[1.34220856 0.7        0.03275   ]
[ 5.89078650e-03 -3.60706642e-19  0.00000000e+00]
[-159.60857566   13.72477371  -71.13549664]

[1.34223801 0.7        0.03275   ]
[-3.91921350e-03  2.39982613e-19  0.00000000e+00]
[-159.60857566   12.97591875  -71.30024473]

[1.34221842 0.7        0.03275   ]
[ 5.89078650e-03 -3.60706642e-19  0.00000000e+00]
[-159.60857566   13.72477371  -71.46499282]

[1.34224787 0.7        0.03275   ]
[-3.91921350e-03  2.39982613e-19  0.00000000e+00]
[-159.60857566   12.97591875  -71.62974091]

[1.34222828 0.7        0.03275   ]
[ 5.89078650e-03 -3.60706642e-19  0.00000000e+00]
[-159.60857566   13.72477371  -71.794489  ]

[1.34225773 0.7        0.03275   ]
[-3.91921350e-03  2.39982613e-19  0.00000000e+00]
[-159.60857566   12.97591875  -71.9592371 ]

[1.34223813 0.7        0.03275   ]
[ 5.89078650e-03 -3.60706642e-19  0.00000000e+00]
[-159.60857566   13.72477371  -72.12398519]

[1.34226759 0.7        0.03275   ]
[-3.91921350e-03  2.39982613e-19  0.00000000e+00]
[-159.60857566   12.97591875  -72.28873328]

[1.34224799 0.7        0.03275   ]
[ 5.89078650e-03 -3.60706642e-19  0.00000000e+00]
[-159.60857566   13.72477371  -72.45348137]

[1.34227745 0.7        0.03275   ]
[-3.91921350e-03  2.39982613e-19  0.00000000e+00]
[-159.60857566   12.97591875  -72.61822946]

[1.34225785 0.7        0.03275   ]
[ 5.89078650e-03 -3.60706642e-19  0.00000000e+00]
[-159.60857566   13.72477371  -72.78297755]

[1.3422873 0.7       0.03275  ]
[-3.91921350e-03  2.39982613e-19  0.00000000e+00]
[-159.60857566   12.97591875  -72.94772565]

[1.34226771 0.7        0.03275   ]
[ 5.89078650e-03 -3.60706642e-19  0.00000000e+00]
[-159.60857566   13.72477371  -73.11247374]

[1.34229716 0.7        0.03275   ]
[-3.91921350e-03  2.39982613e-19  0.00000000e+00]
[-159.60857566   12.97591875  -73.27722183]

[1.34227757 0.7        0.03275   ]
[ 5.89078650e-03 -3.60706642e-19  0.00000000e+00]
[-159.60857566   13.72477371  -73.44196992]

[1.34230702 0.7        0.03275   ]
[-3.91921350e-03  2.39982613e-19  0.00000000e+00]
[-159.60857566   12.97591875  -73.60671801]

[1.34228742 0.7        0.03275   ]
[ 5.89078650e-03 -3.60706642e-19  0.00000000e+00]
[-159.60857566   13.72477371  -73.7714661 ]

[1.34231688 0.7        0.03275   ]
[-3.91921350e-03  2.39982613e-19  0.00000000e+00]
[-159.60857566   12.97591875  -73.93621419]

[1.34229728 0.7        0.03275   ]
[ 5.89078650e-03 -3.60706642e-19  0.00000000e+00]
[-159.60857566   13.72477371  -74.10096229]

[1.34232673 0.7        0.03275   ]
[-3.91921350e-03  2.39982613e-19  0.00000000e+00]
[-159.60857566   12.97591875  -74.26571038]

[1.34230714 0.7        0.03275   ]
[ 5.89078650e-03 -3.60706642e-19  0.00000000e+00]
[-159.60857566   13.72477371  -74.43045847]

[1.34233659 0.7        0.03275   ]
[-3.91921350e-03  2.39982613e-19  0.00000000e+00]
[-159.60857566   12.97591875  -74.59520656]

[1.342317 0.7      0.03275 ]
[ 5.89078650e-03 -3.60706642e-19  0.00000000e+00]
[-159.60857566   13.72477371  -74.75995465]

[1.34234645 0.7        0.03275   ]
[-3.91921350e-03  2.39982613e-19  0.00000000e+00]
[-159.60857566   12.97591875  -74.92470274]

[1.34232685 0.7        0.03275   ]
[ 5.89078650e-03 -3.60706642e-19  0.00000000e+00]
[-159.60857566   13.72477371  -75.08945084]

[1.34235631 0.7        0.03275   ]
[-3.91921350e-03  2.39982613e-19  0.00000000e+00]
[-159.60857566   12.97591875  -75.25419893]

[1.34233671 0.7        0.03275   ]
[ 5.89078650e-03 -3.60706642e-19  0.00000000e+00]
[-159.60857566   13.72477371  -75.41894702]

[1.34236617 0.7        0.03275   ]
[-3.91921350e-03  2.39982613e-19  0.00000000e+00]
[-159.60857566   12.97591875  -75.58369511]

[1.34234657 0.7        0.03275   ]
[ 5.89078650e-03 -3.60706642e-19  0.00000000e+00]
[-159.60857566   13.72477371  -75.7484432 ]

[1.34237602 0.7        0.03275   ]
[-3.91921350e-03  2.39982613e-19  0.00000000e+00]
[-159.60857566   12.97591875  -75.91319129]

[1.34235643 0.7        0.03275   ]
[ 5.89078650e-03 -3.60706642e-19  0.00000000e+00]
[-159.60857566   13.72477371  -76.07793939]

[1.34238588 0.7        0.03275   ]
[-3.91921350e-03  2.39982613e-19  0.00000000e+00]
[-159.60857566   12.97591875  -76.24268748]

[1.34236629 0.7        0.03275   ]
[ 5.89078650e-03 -3.60706642e-19  0.00000000e+00]
[-159.60857566   13.72477371  -76.40743557]

[1.34239574 0.7        0.03275   ]
[-3.91921350e-03  2.39982613e-19  0.00000000e+00]
[-159.60857566   12.97591875  -76.57218366]

[1.34237614 0.7        0.03275   ]
[ 5.89078650e-03 -3.60706642e-19  0.00000000e+00]
[-159.60857566   13.72477371  -76.73693175]

[1.3424056 0.7       0.03275  ]
[-3.91921350e-03  2.39982613e-19  0.00000000e+00]
[-159.60857566   12.97591875  -76.90167984]

[1.342386 0.7      0.03275 ]
[ 5.89078650e-03 -3.60706642e-19  0.00000000e+00]
[-159.60857566   13.72477371  -77.06642794]

[1.34241546 0.7        0.03275   ]
[-3.91921350e-03  2.39982613e-19  0.00000000e+00]
[-159.60857566   12.97591875  -77.23117603]

[1.34239586 0.7        0.03275   ]
[ 5.89078650e-03 -3.60706642e-19  0.00000000e+00]
[-159.60857566   13.72477371  -77.39592412]

[1.34242531 0.7        0.03275   ]
[-3.91921350e-03  2.39982613e-19  0.00000000e+00]
[-159.60857566   12.97591875  -77.56067221]

[1.34240572 0.7        0.03275   ]
[ 5.89078650e-03 -3.60706642e-19  0.00000000e+00]
[-159.60857566   13.72477371  -77.7254203 ]

[1.34243517 0.7        0.03275   ]
[-3.91921350e-03  2.39982613e-19  0.00000000e+00]
[-159.60857566   12.97591875  -77.89016839]

[1.34241558 0.7        0.03275   ]
[ 5.89078650e-03 -3.60706642e-19  0.00000000e+00]
[-159.60857566   13.72477371  -78.05491649]

[1.34244503 0.7        0.03275   ]
[-3.91921350e-03  2.39982613e-19  0.00000000e+00]
[-159.60857566   12.97591875  -78.21966458]

[1.34242543 0.7        0.03275   ]
[ 5.89078650e-03 -3.60706642e-19  0.00000000e+00]
[-159.60857566   13.72477371  -78.38441267]

[1.34245489 0.7        0.03275   ]
[-3.91921350e-03  2.39982613e-19  0.00000000e+00]
[-159.60857566   12.97591875  -78.54916076]

[1.34243529 0.7        0.03275   ]
[ 5.89078650e-03 -3.60706642e-19  0.00000000e+00]
[-159.60857566   13.72477371  -78.71390885]

[1.34246474 0.7        0.03275   ]
[-3.91921350e-03  2.39982613e-19  0.00000000e+00]
[-159.60857566   12.97591875  -78.87865694]

[1.34244515 0.7        0.03275   ]
[ 5.89078650e-03 -3.60706642e-19  0.00000000e+00]
[-159.60857566   13.72477371  -79.04340503]

[1.3424746 0.7       0.03275  ]
[-3.91921350e-03  2.39982613e-19  0.00000000e+00]
[-159.60857566   12.97591875  -79.20815313]

[1.34245501 0.7        0.03275   ]
[ 5.89078650e-03 -3.60706642e-19  0.00000000e+00]
[-159.60857566   13.72477371  -79.37290122]

[1.34248446 0.7        0.03275   ]
[-3.91921350e-03  2.39982613e-19  0.00000000e+00]
[-159.60857566   12.97591875  -79.53764931]

[1.34246486 0.7        0.03275   ]
[ 5.89078650e-03 -3.60706642e-19  0.00000000e+00]
[-159.60857566   13.72477371  -79.7023974 ]

[1.34249432 0.7        0.03275   ]
[-3.91921350e-03  2.39982613e-19  0.00000000e+00]
[-159.60857566   12.97591875  -79.86714549]

[1.34247472 0.7        0.03275   ]
[ 5.89078650e-03 -3.60706642e-19  0.00000000e+00]
[-159.60857566   13.72477371  -80.03189358]

[1.34250418 0.7        0.03275   ]
[-3.91921350e-03  2.39982613e-19  0.00000000e+00]
[-159.60857566   12.97591875  -80.19664168]

[1.34248458 0.7        0.03275   ]
[ 5.89078650e-03 -3.60706642e-19  0.00000000e+00]
[-159.60857566   13.72477371  -80.36138977]

[1.34251403 0.7        0.03275   ]
[-3.91921350e-03  2.39982613e-19  0.00000000e+00]
[-159.60857566   12.97591875  -80.52613786]

[1.34249444 0.7        0.03275   ]
[ 5.89078650e-03 -3.60706642e-19  0.00000000e+00]
[-159.60857566   13.72477371  -80.69088595]

[1.34252389 0.7        0.03275   ]
[-3.91921350e-03  2.39982613e-19  0.00000000e+00]
[-159.60857566   12.97591875  -80.85563404]

[1.3425043 0.7       0.03275  ]
[ 5.89078650e-03 -3.60706642e-19  0.00000000e+00]
[-159.60857566   13.72477371  -81.02038213]

[1.34253375 0.7        0.03275   ]
[-3.91921350e-03  2.39982613e-19  0.00000000e+00]
[-159.60857566   12.97591875  -81.18513023]

[1.34251415 0.7        0.03275   ]
[ 5.89078650e-03 -3.60706642e-19  0.00000000e+00]
[-159.60857566   13.72477371  -81.34987832]

[1.34254361 0.7        0.03275   ]
[-3.91921350e-03  2.39982613e-19  0.00000000e+00]
[-159.60857566   12.97591875  -81.51462641]

[1.34252401 0.7        0.03275   ]
[ 5.89078650e-03 -3.60706642e-19  0.00000000e+00]
[-159.60857566   13.72477371  -81.6793745 ]

[1.34255347 0.7        0.03275   ]
[-3.91921350e-03  2.39982613e-19  0.00000000e+00]
[-159.60857566   12.97591875  -81.84412259]

[1.34253387 0.7        0.03275   ]
[ 5.89078650e-03 -3.60706642e-19  0.00000000e+00]
[-159.60857566   13.72477371  -82.00887068]

[1.34256332 0.7        0.03275   ]
[-3.91921350e-03  2.39982613e-19  0.00000000e+00]
